data/benchmark/benchmark2015_acs_f606w_hap/hst_137/3-PRODUCT/hst_13779_1d_acs_wfc_f606w_jcoi1d_segment-cat.ecsv
# %ECSV 1.0
# ---
# datatype:
# - {name: X-Centroid, unit: pix, datatype: float64, format: 10.3f, description: Pixel Coordinate}
# - {name: Y-Centroid, unit: pix, datatype: float64, format: 10.3f, description: Pixel Coordinate}
# - {name: RA, unit: deg, datatype: float64, format: 13.7f, description: Sky coordinate at epoch of observation}
# - {name: DEC, unit: deg, datatype: float64, format: 13.7f, description: Sky coordinate at epoch of observation}
# - {name: ID, unit: '', datatype: int64, format: 7d, description: Catalog Object Identification Number}
# - {name: CI, unit: mag(AB), datatype: float64, format: 7.3f, description: Concentration Index}
# - {name: Flags, unit: '', datatype: int64, format: 5d, description: Numeric encoding for conditions on detected sources}
# - {name: MagAp1, unit: mag(AB), datatype: float64, format: 7.3f, description: ABMAG of source based on the inner (smaller) aperture}
# - {name: MagErrAp1, unit: mag(AB), datatype: float64, format: 7.3f, description: Error of MagAp1}
# - {name: FluxAp1, unit: electron / s, datatype: float64, format: 10.4f, description: Flux of source based on the inner (smaller) aperture}
# - {name: FluxErrAp1, unit: electron / s, datatype: float64, format: 10.4f, description: Error of FluxAp1}
# - {name: MagAp2, unit: mag(AB), datatype: float64, format: 7.3f, description: ABMAG of source based on the outer (larger) aperture}
# - {name: MagErrAp2, unit: mag(AB), datatype: float64, format: 7.3f, description: Error of MagAp2}
# - {name: FluxAp2, unit: electron / s, datatype: float64, format: 10.4f, description: Flux of source based on the outer (larger) aperture}
# - {name: FluxErrAp2, unit: electron / s, datatype: float64, format: 10.4f, description: Error of FluxAp2}
# - {name: MSkyAp2, unit: electron / (pix s), datatype: float64, format: 7.3f, description: Sky estimate from an annulus outside Aperture
#     2}
# - {name: Bck, unit: electron / s, datatype: float32, format: 10.4f, description: Background at the position of the source centroid}
# - {name: Area, unit: pix2, datatype: float64, format: 8.3f, description: Total unmasked area of the source segment}
# - {name: FWHM, unit: pix, datatype: float64, format: 8.3f, description: Circularized FWHM of 2D Gaussian function having the same second-order
#     central moments as the source}
# - {name: MagSegment, unit: mag(AB), datatype: float64, format: 7.3f, description: Magnitude corresponding to FluxSegment}
# - {name: FluxSegment, unit: electron / s, datatype: float64, format: 10.4f, description: Sum of unmasked data values in the source segment}
# - {name: FluxSegmentErr, unit: electron / s, datatype: float32, format: 10.4f, description: 'Uncertainty of FluxSegment, propagated
#     from the input error array'}
# - {name: KronRadius, unit: pix, datatype: float64, format: 8.4f, description: The unscaled first-moment Kron radius}
# - {name: Xmin, unit: pix, datatype: int64, format: 8.0f, description: Minimum X pixel within the minimal bounding box containing the
#     source segment}
# - {name: Ymin, unit: pix, datatype: int64, format: 8.0f, description: Minimum Y pixel within the minimal bounding box containing the
#     source segment}
# - {name: Xmax, unit: pix, datatype: int64, format: 8.0f, description: Maximum X pixel within the minimal bounding box containing the
[...]
# - h12: [RA and Dec values in this table are in sky coordinates (i.e. coordinates at the epoch of observation]
# - h12.1: [and an undistorted a priori solution based on GSC240).]
# - h13: [Magnitude values in this table are in the ABMAG system.]
# - h14: ['Column titles in this table ending with Ap1 refer to the inner photometric aperture ']
# - h14.1: ['(radius = 1.000000000000064 pixels, 0.05 arcsec.']
# - h15: ['Column titles in this table ending with Ap2 refer to the outer photometric aperture ']
# - h15.1: ['(radius = 3.000000000000192 pixels, 0.15 arcsec.']
# - h16: [CI = Concentration Index (CI) = MagAp1 - MagAp2.]
# - h17: ['Flag Value Identification:']
# - h17.1: ['    0 - Stellar Source (0.9 < CI < 1.23)']
# - h17.2: ['    1 - Extended Source (CI > 1.23)']
# - h17.3: ['    2 - Questionable Photometry (Single-Pixel Saturation)']
# - h17.4: ['    4 - Questionable Photometry (Multi-Pixel Saturation)']
# - h17.5: ['    8 - Faint Detection Limit']
# - h17.6: ['   16 - Hot pixels (CI < 0.9)']
# - h17.7: ['   32 - False Detection Swarm Around Saturated Source']
# - h17.8: ['   64 - False Detections Near Image Edge']
# - h17.9: ['  128 - Bleeding and Cosmic Rays']
# - h18: ['#=================================================================================================']
# schema: astropy-2.0
X-Centroid Y-Centroid RA DEC ID CI Flags MagAp1 MagErrAp1 FluxAp1 FluxErrAp1 MagAp2 MagErrAp2 FluxAp2 FluxErrAp2 MSkyAp2 Bck Area FWHM MagSegment FluxSegment FluxSegmentErr KronRadius Xmin Ymin Xmax Ymax X2 Y2 XY CXX CYY CXY Elongation Ellipticity Theta
[from data line 174]
3840.0868121630915 1472.8038004379514 53.092448705051645 -27.881450248254065 175 0.4233724180271068 16 25.892832338139478 0.015017017531324757 1.731754262307731 0.023953011068454978 25.46945992011237 0.03174135951629217 2.557615365696852 0.07477405252553823 0.07179695196651123 0.066483736 6.0 1.4397651979953359 25.531248291727508 2.416127696633339 1.5613647 3.5 3839 1472 3841 1474 0.38613003667349466 0.3615191940728449 -0.08491683231886651 2.7308674039524856 2.916774401267757 1.2829006770786553 1.2632563651076463 0.2083950434599341 -40.877290950245204
4127.957158785127 1480.2465241863797 53.08792545582367 -27.88134612676744 176 1.5586890614428057 1 25.568418312667838 0.013430571167286649 2.33481177780151 0.02888261558808348 24.009729251225032 0.009985514586407765 9.811321341103113 0.09023771977850135 0.0784419352809588 0.066483736 31.0 3.1820095181227193 23.914740410416364 10.708361804485321 3.2894747 3.5 4125 1478 4131 1483 2.0842481446144405 1.5676402484264673 -0.2432961767532909 0.4886418083117386 0.649671238906417 0.1516734262001655 1.2175463719832476 0.17867604634137157 -21.643116732009286
828.3109935777389 1484.9658421818121 53.13977235207517 -27.881280330631355 177 0.5796753236124559 16 25.693661716081877 0.00938555866133266 2.0804367368547485 0.01798476654226926 25.11398639246942 0.017172895001760367 3.5483352324290816 0.05612525410108831 0.0721285179762517 0.066483736 7.0 1.5493809776666803 25.221301869091235 3.214389145374298 1.7999285 3.5 827 1484 829 1486 0.3835321127679843 0.4822946125229185 0.010441052253809055 2.6088811490153723 2.0746441553810318 -0.11295778013507247 1.1242563081989756 0.11052311407354287 84.03067756275748
3995.3305767112442 1487.640080468154 53.0900094218404 -27.881243802530275 178 0.59610062147393 16 25.6768541847157 0.012582479670603981 2.1128931084637075 0.024486906680854608 25.08075356324177 0.022699154599815183 3.658623968229275 0.07649228246976662 0.07039400110744529 0.066483736 10.0 1.815043581702274 25.142082835842395 3.4576900973916054 1.8692003 3.5 3994 1486 3997 1489 0.6191299703376902 0.5690676072739352 0.11141575111914974 1.6741549632655301 1.821434746062306 -0.6555538580578243 1.2148651408962345 0.17686336833874705 38.668952861552775
168.69609335146384 1489.9944174946359 53.15013676287533 -27.881208113458047 179 0.4377149344441307 80 26.028503514501836 0.015732194267661922 1.5283323106537474 0.02214610004305921 25.590788580057705 0.03282187368149638 2.287198030904494 0.06914444584591926 0.07327481022193319 0.066483736 7.0 1.5248469445001607 25.614087983497136 2.238638699054718 1.5046569 3.5 168 1489 170 1491 0.3795351827485147 0.4590883698543909 0.00782593896527559 2.6357283025656453 2.178995785292854 -0.08986090774406001 1.1018417915590288 0.09242868834638218 84.43468748519645
4171.2861940722005 1494.2118584975055 53.08724467882873 -27.88115203810496 180 0.7916997666646921 16 25.974087460517467 0.014771600854903538 1.6068828524071037 0.02186260672040767 25.182387693852775 0.022246223975129494 3.3316864529542762 0.0682669642141711 0.06631698934901697 0.066483736 8.0 1.6577838493220793 25.36161773846497 2.8246985375881195 1.6892823 3.5 4170 1493 4172 1495 0.4994069122598046 0.4918137722321287 -0.04633196686362778 2.0200300195638436 2.0512173747471745 0.38059919918546503 1.0986416339637401 0.08978508634144466 -42.657745461930475
2878.153785941682 1501.7942817342152 53.10756346940037 -27.88104903929615 181 0.30591178816467846 16 25.735291716901685 0.012881700926116804 2.002177210263469 0.023755593648061974 25.429379928737006 0.030342461785695753 2.653794129138079 0.07416657175138242 0.07178898963887811 0.066483736 6.0 1.3993705136380261 25.488593953192485 2.512937106192112 1.5920644 3.5 2877 1501 2879 1503 0.351674873806903 0.3546101293498686 -0.06486590858761782 2.942825424695659 2.9184664345685167 1.0766136056947744 1.204228630249554 0.1695929038053441 -45.64806409576552
1078.6505320538854 1519.8215672160045 53.135838700969046 -27.880796922229216 182 2.0078321412511713 1 26.146482913536445 0.08135349501432972 1.3709639501852247 0.10272884672213267 24.138650772285274 0.03998241352422478 8.71282300170494 0.3208618331192266 0.19033009916342591 0.066483736 196.0 8.67812860298096 22.261794475077807 49.07964473962784 7.056171 3.5 1070 1513 1088 1526 18.288855628290264 8.873454975439895 0.5724312174900174 0.05478873308253736 0.11292368442471098 -0.007068899604489775 1.4398206660651918 0.3054690604401129 3.466413294691576
1853.691714870532 1523.0487305686993 53.12366063703439 -27.880753556244606 183 0.6203899218430848 16 26.09431406543532 0.013824748832012016 1.4384460377952568 0.018316436567120096 25.473924143592235 0.024371485660019128 2.547120804097858 0.057177045363735225 0.07139548028695297 0.066483736 7.0 1.558788629678519 25.579366502198397 2.3113866448402405 1.52864 3.5 1853 1522 1855 1524 0.38501872743451376 0.49135430709624445 -0.003919690053804588 2.5974872092561663 2.0353565754728264 0.04144196817638454 1.1300602728677256 0.11509144776647606 -87.89180492495652
1486.8008986974285 1525.1845969880437 53.12942550885413 -27.88072333568423 184 0.8691898590275997 0 26.344773277732486 0.01984376037083595 1.1421151420014855 0.020874881821664134 25.475583418704886 0.027820911515383035 2.5432311425857765 0.06516994435023062 0.0710935960111975 0.066483736 6.0 1.5035456986119504 25.832795364105948 1.8302105516195297 1.360861 3.5 1486 1524 1488 1526 0.4287254382705434 0.3866315779652712 -0.10453854188687746 2.4971282337368423 2.7689988543117385 1.350361218983782 1.3070756050792551 0.23493331517011629 -39.30835804910008
1387.914209093236 1528.8386552656607 53.13097928526737 -27.880672394071375 185 0.6935841686440938 16 25.17537954189598 0.006257658042867722 3.3532611992443866 0.019327219225649714 24.481795373251884 0.010316102801035067 6.351861957613919 0.06035411341321639 0.07295137469711171 0.066483736 11.0 1.8625412181519285 24.544883221599214 5.9932985454797745 2.4562452 3.5 1387 1527 1389 1530 0.48685399668738755 0.7643448419605814 0.06341496353792143 2.0764435056254653 1.3226030504978048 -0.3445502133828317 1.2825633942049661 0.22031144462852947 77.71838107978006
2656.0832310232367 1539.9428243286836 53.11105283622182 -27.880519295936658 186 0.3454092985136228 16 25.029042204676614 0.005964428018373778 3.8370929403236613 0.021079547427807557 24.68363290616299 0.013552030914755597 5.274314687179959 0.06583556755532126 0.0696749149011992 0.066483736 9.0 1.5956287423690956 24.71048843193322 5.1454555131495 2.2769165 3.5 2655 1539 2657 1541 0.42373331646612644 0.4945532880532848 0.024073796645391467 2.366519678832513 2.0276343444025615 -0.23039423609854875 1.0980423501491667 0.08928831400341519 72.89491174449749
2151.8246643663306 1546.45390574786 53.11897612074732 -27.880428759416525 187 0.30629338471052847 16 25.206052723297503 0.006849382689219307 3.25985371121865 0.02056552047435602 24.899759338586975 0.016135190856399022 4.322305555085866 0.06423618409411823 0.07038148654432133 0.066483736 9.0 1.6377417215674586 24.919832332540977 4.243129312992096 2.0776381 3.5 2151 1545 2153 1548 0.41062313643915016 0.5567752826080073 0.05502606120456491 2.468008959784791 1.820162660741256 -0.4878262965927839 1.2109718631172919 0.17421698186628942 71.51018188399989
3528.7337269711893 1557.0132988250696 53.097341131182446 -27.880281317391102 188 0.5251017859854912 16 23.961650660944798 0.0023004084610249425 10.255549522476667 0.02172971621439222 23.436548874959307 0.004426919152483089 16.634113117200293 0.0678252500166751 0.07075446217346029 0.066483736 17.0 2.01120917043624 23.4431318254423 16.53356359899044 4.0737133 3.5 3527 1555 3530 1559 0.6136243472870311 0.8452874252383891 0.06997559820986506 1.6451926705341764 1.1943041484773447 -0.2723886286576361 1.2064616232207435 0.1711298720547596 74.4315930638681
2443.1084612702866 1562.6906804545747 53.11439925222918 -27.88020336447671 189 0.2379815066773432 16 25.18188177100385 0.007579720168519149 3.333239287861527 0.023270720324863606 24.94390026432651 0.019013465154370916 4.150105095587012 0.07267926556315817 0.07050237398951836 0.066483736 9.0 1.6029971608922289 24.964761081461774 4.071128100156784 2.0257654 3.5 2442 1561 2444 1564 0.39032888943838334 0.5364583679781244 0.04906804266123301 2.5917424969847143 1.8857604446941139 -0.4741159389060448 1.2119904090852318 0.1749109625753844 73.05794959283243
1828.3934956943801 1563.5101135225132 53.12405808608688 -27.880191562010022 190 0.9086343741546585 0 26.27971082428769 0.01975534584701216 1.212648323717998 0.022065291540801883 25.37107645013303 0.026721366406105968 2.8001972220630806 0.0689187583863937 0.0720353559734895 0.066483736 8.0 1.8923171568816104 25.46116314493422 2.577234536409378 1.6143761 3.5 1827 1563 1830 1564 1.0416260472140695 0.249897716662374 -0.027280799561181384 0.9627902178356962 4.01311137330438 0.21021150015330636 2.0463872121635722 0.5113339283708993 -1.9711398272312135
2392.5396140280154 1569.5040148031842 53.115193823866846 -27.88010872557394 191 0.5895689407650906 16 24.85519347984483 0.005250775953912831 4.503413325374711 0.021779878787333656 24.265624539079738 0.009523359124374162 7.7512078878444886 0.0679907307392694 0.07524897256645105 0.066483736 14.0 2.046085136150499 24.265321205487353 7.7533737272024155 2.7935786 3.5 2391 1568 2394 1571 0.7835693982433002 0.7263784533060829 -0.22073259912494916 1.3956871280871652 1.505575665293515 0.8482455555935914 1.355039675970444 0.262014229004899 -41.309277588518725
188.44465399642468 1572.093900631443 53.14982607114073 -27.880067925544925 192 0.6427115658846461 80 24.84455962314484 0.005691680443381268 4.547737106259992 0.02384108533604063 24.201848057260193 0.009838790216394867 8.22015444848913 0.07449237834120806 0.07188730158401607 0.066483736 15.0 2.0395854931820345 24.216560980610502 8.109513632953167 2.8572443 3.5 187 1570 190 1574 0.6861469636121209 0.8142230518289365 0.07526076103457505 1.4723411546346403 1.240744057030172 -0.27218466868857066 1.1416734538878848 0.12409279851907418 65.19693475957231
3548.7645984857036 1578.6805069830937 53.0970264366616 -27.879980347650676 193 0.4399208684150935 16 24.20421310090142 0.0030378067493208073 8.202268091529707 0.02295008323495223 23.764292232486326 0.0063251666877355475 12.299920587248716 0.07165796072603686 0.07055281267381039 0.066483736 14.0 1.902419906066554 23.774461717023563 12.185251958668232 3.498128 3.5 3547 1577 3550 1581 0.5620399207038178 0.7433110929418614 0.0666913154086507 1.798379222659348 1.3598087332431497 -0.32270815571460737 1.1902337426212197 0.15982889394672428 71.82684404306835
388.15937169582594 1579.9756760204477 53.1466879837322 -27.879959250554517 194 0.8618657849080478 0 25.502901784534757 0.009107041170521158 2.4800388644487277 0.02080299902645952 24.64103599962671 0.012852755602848856 5.48535577342034 0.06493684917605931 0.07153208566419147 0.066483736 10.0 1.8431644284487796 24.742884489313937 4.994193956255913 2.2428582 3.5 387 1579 390 1581 0.7386258125392914 0.48667496252644254 0.02401918013549079 1.3560418292912368 2.058062516300264 -0.13385119628888656 1.236726921874492 0.1914140605233109 5.397384989834936
2829.945241361156 1583.6482830402056 53.10832101294994 -27.879912206861786 195 0.3642435311027512 20 21.48920618805078 0.000265633337585939 99.98543151396973 0.02446298598418173 21.12496265694803 0.0005935292920887918 139.84087660127906 0.07644805792966128 0.07118942244495782 0.066483736 37.0 2.214775353996058 21.102330882151428 142.78640116006136 11.955121 3.5 2826 1581 2832 1587 0.7817749824798186 0.9874127190072496 -0.03202454943395768 1.2808421391713076 1.014095040133578 0.08308256844053574 1.1301463430264655 0.11515884100278673 -81.34999031193875
2120.4493743337766 1585.1382608426898 53.11946908127162 -27.879891455249677 196 0.8000856756199681 16 25.488999075320706 0.008804641851301876 2.511999625692504 0.020371425840312117 24.688913399700738 0.013166937329724454 5.248725260086507 0.06365445018006882 0.0768356287417096 0.066483736 11.0 1.934238378430872 24.77188174434648 4.862577125430107 2.2141407 3.5 2119 1584 2122 1586 0.8204645356111948 0.5289163064101824 -0.13233447804815274 1.2700758593301924 1.9701646318845174 0.635544126316558 1.3505939890361933 0.25958503583033354 -21.11666290417148
3725.3171643077612 1589.0750018855415 53.094252349381975 -27.879835628632925 197 0.5002854424797505 16 25.94654309208707 0.013722394406970657 1.6481698436435572 0.02083157100870595 25.44625764960732 0.02702325593734193 2.6128600016669594 0.06503452570092097 0.07195085796470546 0.066483736 7.0 1.5342048970012614 25.524151057456223 2.431973159313202 1.5675863 3.5 3724 1588 3726 1590 0.39663423206309895 0.452314134170315 0.026378809171015784 2.531031530309317 2.2194613687966656 -0.2952178262849221 1.0948307011652885 0.08661677194871775 68.27184543774902
329.1287445187306 1589.9636158800183 53.14761546811602 -27.879820301884426 198 0.5752265810417043 16 25.470331401327115 0.009257182822901567 2.5555632839471456 0.02178992036013027 24.89510482028541 0.017008737027757865 4.34087492311191 0.06800478957133566 0.07314667409216916 0.066483736 10.0 1.7523895287091023 24.941811219428658 4.158097922801971 2.0480034 3.5 328 1589 331 1591 0.6129682640625483 0.49461362707656326 0.0053609145381355834 1.6315604902573122 2.0219717910668398 -0.035367631918131956 1.1137255921277451 0.10211275823380805 2.588167650162798
2889.383607431433 1592.8017315997247 53.10738708473164 -27.879785039752402 199 0.6457914488961194 16 24.826679673722822 0.005370721857192657 4.623249495988758 0.022870210112703102 24.180888224826703 0.009254744339182056 8.380383836561752 0.07143622535837954 0.07375623646777929 0.066483736 14.0 2.0620011954310167 24.18682651672163 8.334673542529345 2.897523 3.5 2888 1591 2891 1595 0.5567731375405589 0.9767572039246436 0.19280849320347507 1.9278468315307626 1.0989151907722388 -0.7611005912646782 1.477731771394591 0.3232872031598384 68.72138335360711
3536.045549663421 1597.29841836578 53.097226324977285 -27.87972178871767 200 0.5814412013986896 16 25.87770422394459 0.014251406592897507 1.7560525614992752 0.02305076821628933 25.2962630225459 0.026040673973692967 2.9999498276119043 0.07195423726469376 0.07112967235514442 0.066483736 7.0 1.5264518380011207 25.501357120873223 2.483569696545601 1.5839583 3.5 3535 1596 3537 1598 0.4240716040616158 0.41631817140234506 0.015476319083656055 2.361295811167058 2.405272147820421 -0.17555883905535447 1.0387182457559851 0.03727502228268431 37.96857545973466
4164.460561772387 1602.1566227360795 53.08735228627775 -27.879652825531757 201 0.8421094767012391 16 24.968360749110026 0.0056390593313699715 4.057652965363399 0.021075201084824084 24.126251272408787 0.008109971334407374 8.81289694207508 0.06583065448403361 0.07079347765137409 0.066483736 16.0 2.2133905262331073 24.14732018924763 8.643529623746872 2.9498272 3.5 4163 1600 4166 1604 0.6410216216368559 1.1259543392481157 0.08276095539097797 1.5749558136353283 0.8966444681380996 -0.23152776856311216 1.3479085037138083 0.25810988116421674 80.57685289128851
