data/benchmark/benchmark2015_acs_f606w_hap/hst_137/3-PRODUCT/hst_13779_1d_acs_wfc_f606w_jcoi1d_segment-cat.ecsv
# %ECSV 1.0
# ---
# datatype:
# - {name: X-Centroid, unit: pix, datatype: float64, format: 10.3f, description: Pixel Coordinate}
# - {name: Y-Centroid, unit: pix, datatype: float64, format: 10.3f, description: Pixel Coordinate}
# - {name: RA, unit: deg, datatype: float64, format: 13.7f, description: Sky coordinate at epoch of observation}
# - {name: DEC, unit: deg, datatype: float64, format: 13.7f, description: Sky coordinate at epoch of observation}
# - {name: ID, unit: '', datatype: int64, format: 7d, description: Catalog Object Identification Number}
# - {name: CI, unit: mag(AB), datatype: float64, format: 7.3f, description: Concentration Index}
# - {name: Flags, unit: '', datatype: int64, format: 5d, description: Numeric encoding for conditions on detected sources}
# - {name: MagAp1, unit: mag(AB), datatype: float64, format: 7.3f, description: ABMAG of source based on the inner (smaller) aperture}
# - {name: MagErrAp1, unit: mag(AB), datatype: float64, format: 7.3f, description: Error of MagAp1}
# - {name: FluxAp1, unit: electron / s, datatype: float64, format: 10.4f, description: Flux of source based on the inner (smaller) aperture}
# - {name: FluxErrAp1, unit: electron / s, datatype: float64, format: 10.4f, description: Error of FluxAp1}
# - {name: MagAp2, unit: mag(AB), datatype: float64, format: 7.3f, description: ABMAG of source based on the outer (larger) aperture}
# - {name: MagErrAp2, unit: mag(AB), datatype: float64, format: 7.3f, description: Error of MagAp2}
# - {name: FluxAp2, unit: electron / s, datatype: float64, format: 10.4f, description: Flux of source based on the outer (larger) aperture}
# - {name: FluxErrAp2, unit: electron / s, datatype: float64, format: 10.4f, description: Error of FluxAp2}
# - {name: MSkyAp2, unit: electron / (pix s), datatype: float64, format: 7.3f, description: Sky estimate from an annulus outside Aperture
#     2}
# - {name: Bck, unit: electron / s, datatype: float32, format: 10.4f, description: Background at the position of the source centroid}
# - {name: Area, unit: pix2, datatype: float64, format: 8.3f, description: Total unmasked area of the source segment}
# - {name: FWHM, unit: pix, datatype: float64, format: 8.3f, description: Circularized FWHM of 2D Gaussian function having the same second-order
#     central moments as the source}
# - {name: MagSegment, unit: mag(AB), datatype: float64, format: 7.3f, description: Magnitude corresponding to FluxSegment}
# - {name: FluxSegment, unit: electron / s, datatype: float64, format: 10.4f, description: Sum of unmasked data values in the source segment}
# - {name: FluxSegmentErr, unit: electron / s, datatype: float32, format: 10.4f, description: 'Uncertainty of FluxSegment, propagated
#     from the input error array'}
# - {name: KronRadius, unit: pix, datatype: float64, format: 8.4f, description: The unscaled first-moment Kron radius}
# - {name: Xmin, unit: pix, datatype: int64, format: 8.0f, description: Minimum X pixel within the minimal bounding box containing the
#     source segment}
# - {name: Ymin, unit: pix, datatype: int64, format: 8.0f, description: Minimum Y pixel within the minimal bounding box containing the
#     source segment}
# - {name: Xmax, unit: pix, datatype: int64, format: 8.0f, description: Maximum X pixel within the minimal bounding box containing the
[...]
# - h12: [RA and Dec values in this table are in sky coordinates (i.e. coordinates at the epoch of observation]
# - h12.1: [and an undistorted a priori solution based on GSC240).]
# - h13: [Magnitude values in this table are in the ABMAG system.]
# - h14: ['Column titles in this table ending with Ap1 refer to the inner photometric aperture ']
# - h14.1: ['(radius = 1.000000000000064 pixels, 0.05 arcsec.']
# - h15: ['Column titles in this table ending with Ap2 refer to the outer photometric aperture ']
# - h15.1: ['(radius = 3.000000000000192 pixels, 0.15 arcsec.']
# - h16: [CI = Concentration Index (CI) = MagAp1 - MagAp2.]
# - h17: ['Flag Value Identification:']
# - h17.1: ['    0 - Stellar Source (0.9 < CI < 1.23)']
# - h17.2: ['    1 - Extended Source (CI > 1.23)']
# - h17.3: ['    2 - Questionable Photometry (Single-Pixel Saturation)']
# - h17.4: ['    4 - Questionable Photometry (Multi-Pixel Saturation)']
# - h17.5: ['    8 - Faint Detection Limit']
# - h17.6: ['   16 - Hot pixels (CI < 0.9)']
# - h17.7: ['   32 - False Detection Swarm Around Saturated Source']
# - h17.8: ['   64 - False Detections Near Image Edge']
# - h17.9: ['  128 - Bleeding and Cosmic Rays']
# - h18: ['#=================================================================================================']
# schema: astropy-2.0
X-Centroid Y-Centroid RA DEC ID CI Flags MagAp1 MagErrAp1 FluxAp1 FluxErrAp1 MagAp2 MagErrAp2 FluxAp2 FluxErrAp2 MSkyAp2 Bck Area FWHM MagSegment FluxSegment FluxSegmentErr KronRadius Xmin Ymin Xmax Ymax X2 Y2 XY CXX CYY CXY Elongation Ellipticity Theta
[from data line 750]
3512.475809263107 3744.7434360720245 53.097600956181644 -27.849896207414808 751 2.244614348424264 1 25.631051514060857 0.009189608915431621 2.2039340510493255 0.01865459335409985 23.386437165636593 0.0036299754705001147 17.41984691907995 0.05824225570242904 0.070902619842593 0.066483736 27.0 3.104092698966476 23.35249713763752 17.97299052774906 4.2509747 3.5 3509 3743 3515 3747 2.597919515318294 0.8773133623489071 0.12053969567545493 0.3873930230835112 1.147156692190621 -0.1064528117621668 1.7319157937634755 0.4226047227001799 3.987981786226894
1004.6818199849462 3748.9700397576457 53.136994151138865 -27.849836335362646 752 0.7470829841073865 16 26.345651447907002 0.02120193081180633 1.1411917446380098 0.02228559308540079 25.598568463799616 0.033253644358916895 2.270867605128797 0.06955385808891805 0.07610466577087588 0.066483736 7.0 1.5923078175882064 25.727943725879115 2.0157734006643295 1.4286802 3.5 1004 3748 1006 3750 0.4132518241394373 0.5012163642416753 -0.0033222076072967448 2.419960978927472 1.9952526697748296 0.03208040817150022 1.1016036169666656 0.09223246492820858 -87.84017862480869
1276.8982962392474 3754.4058110031287 53.13271807920562 -27.849761506733756 753 0.48362964336136116 16 25.201392967020624 0.008078352239107958 3.2738743976896876 0.02435986973485742 24.717763323659263 0.01616626278168595 5.1110940319999205 0.0761050835619577 0.06873697849183247 0.066483736 9.0 1.716374992900578 24.75694348532963 4.929941959679127 2.227676 3.5 1276 3753 1278 3756 0.4233182180773414 0.6392061630629806 0.0964560225484639 2.446405179382477 1.6201468963767343 -0.7383236482403722 1.3225287755706716 0.24387278487116504 69.10841320784674
1150.6147339416227 3759.5541472732766 53.13470176385251 -27.84968970849085 754 0.8560163889101347 0 25.41609113655352 0.008987044137899173 2.686474643852527 0.022237695679883592 24.560074747643384 0.012761451421895796 5.910024774487656 0.06946715857218834 0.07223265887848263 0.066483736 14.0 2.745487536758311 24.540296245422716 6.018672361969948 2.4636111 3.5 1147 3758 1153 3761 2.0265422434021523 0.6921090134658459 0.7576240266364307 0.8352812405694293 2.445760257706623 -1.8286978627401247 2.602373594349991 0.6157354185536241 24.315300666047815
2220.2335098628505 3762.747504413238 53.117899889701 -27.849646945528203 755 0.785366125373109 16 26.172049300230505 0.0167826045985656 1.3390582834283122 0.02069898287299562 25.386683174857396 0.02540444260628483 2.76023418694375 0.06458709678743461 0.06559604531366553 0.066483736 6.0 1.4893775396396611 25.680909263465622 2.105016455054283 1.4583375 3.5 2219 3762 2221 3764 0.40016267378882575 0.3999002557722251 -0.09241043640872634 2.6398588862053214 2.6415911845047706 1.2200567927150172 1.265230337059608 0.20963008022397156 -44.95932430551126
1482.902389889702 3785.8556988159244 53.12948204131974 -27.849325120828823 756 0.5184982790465114 16 23.749718679799784 0.0021128043877419755 12.46613221156709 0.024259462867063205 23.231220400753273 0.004091784122006218 20.096991099833858 0.07574150233250478 0.07430160411838757 0.066483736 17.0 1.9830740121319383 23.220762983691863 20.291493207216263 4.5118213 3.5 1481 3784 1485 3788 0.6375141153151478 0.7808652159028642 0.07581370741137074 1.586915159208814 1.2955895501549042 -0.3081451679924536 1.1597323636646062 0.13773209118685992 66.69642706549062
802.2085562928728 3787.969116094362 53.140174527016015 -27.849294099158755 757 0.39905875161299775 80 25.332569121420832 0.009605224536146635 2.901292744346131 0.025667834811216414 24.933510369807834 0.0207884526066586 4.1900099333299785 0.080228260956488 0.0722183568682197 0.066483736 10.0 1.7072442137639587 24.945919344946 4.142394557595253 2.0441658 3.5 801 3787 804 3789 0.6134955864257996 0.437754020863935 0.0055349417333171716 1.6301895377538105 2.284648544120027 -0.041224083278198695 1.184237159820217 0.1555745471187433 1.8021369815881152
3918.5344505086114 3791.867831395966 53.091222593777566 -27.849240838994504 758 0.5188236459893929 16 25.45963498973073 0.008525385619585263 2.580864504053925 0.020266063488034797 24.940811343741338 0.01650607834656567 4.161928960200283 0.06327450077360823 0.07307259560445062 0.066483736 9.0 1.698019573608339 25.04443691303483 3.7830705046653748 1.9533736 3.5 3917 3791 3920 3793 0.6007316624936107 0.43918834050916167 -0.0725545633827913 1.698526663588921 2.323282865898879 0.5611982336682841 1.2360592277896425 0.19097727882487525 -20.966162418416783
3218.905820917423 3800.329620804981 53.10221252293452 -27.8491246184312 759 0.6982517668739803 16 26.04609082708872 0.015601958563895197 1.503775031737677 0.021609869885411644 25.34783906021474 0.02561833182346768 2.8607741734007703 0.06750323482194658 0.07027635096475995 0.066483736 7.0 1.558192169296381 25.55022887501557 2.374256581068039 1.5490676 3.5 3218 3799 3220 3801 0.4839686676988881 0.3917338182057576 -0.029198471866130005 2.0755831254312165 2.564285117159885 0.3094134469742694 1.1335046159452076 0.11778039018736652 -16.16962897089624
4055.0040374264427 3802.3409267319466 53.08907893261048 -27.849095023469708 760 1.1707407987126217 0 26.540156471484295 0.024467611263924553 0.9540180945115301 0.021499994358716173 25.369415672771673 0.025989244634464025 2.8044837722662144 0.06713310751663547 0.07498641843580142 0.066483736 7.0 1.6211125272440583 25.873888040354316 1.7622356563806534 1.3370076 3.5 4054 3801 4056 3803 0.519593226884194 0.42825951626071623 0.00946184876643769 1.9253570664964872 2.335972589284319 -0.08507662617118095 1.1037622706692496 0.09400780713978818 5.852825714648167
3053.7633627444957 3806.9586990825146 53.10480662069949 -27.849032728758832 761 0.6949477895193681 16 26.16363332666522 0.017403506268843655 1.3494781895230195 0.021631806328665057 25.468685537145852 0.028652322192977166 2.5594401922419365 0.06754527495788097 0.07209752561085866 0.066483736 7.0 1.5454590495628338 25.712733144788828 2.04421204328537 1.4385986 3.5 3053 3806 3055 3808 0.4223488975245273 0.43910006341122965 -0.0063355317683666925 2.3682232618711843 2.2778782493741154 0.06833956521713473 1.0246865038489095 0.024091762462160382 -71.44754548968054
2488.032490951782 3810.627283125174 53.1136932264082 -27.848982028001906 762 0.8832101779921118 0 26.20265114060939 0.016317375755381593 1.3018433956987605 0.0195658725820011 25.31944096261728 0.022581044415748208 2.9365866183387643 0.061076902329740695 0.07181921677321804 0.066483736 7.0 1.595610258143206 25.60077652406325 2.266254037618637 1.5138057 3.5 2487 3810 2489 3812 0.5188768361693062 0.3993884930768991 6.135398700984037e-05 1.9272396616261798 2.5038278155200993 -0.0005921244062557156 1.1398150784179273 0.12266470330607637 0.029419801004970256
3956.0680029456385 3812.5065507446643 53.090633068319875 -27.848954095584514 763 0.4290267756525097 16 26.14697004349209 0.015103944574186656 1.3703489869827372 0.019063899002192217 25.71794326783958 0.03178181297732736 2.0344259805602043 0.059553970738123074 0.0732352318138712 0.066483736 6.0 1.4300359996742225 25.82429664375843 1.8445929437875748 1.366135 3.5 3955 3812 3957 3813 0.48762181963584894 0.2499570877443404 -0.0028165975406229766 2.050903080988488 4.000947127657592 0.046220482292357444 1.3968594033082415 0.2841083378673205 -0.6788930765659746
2729.9694917499055 3816.9966153051278 53.10989283936623 -27.848893527055534 764 0.19506946520878188 16 24.999459044629198 0.005277663617263991 3.9430799472660136 0.01916758734240495 24.804389579420416 0.01376855112726584 4.7191455115079055 0.05984691558644534 0.0734169317588006 0.066483736 9.0 1.5426132328434878 24.79779573502043 4.747892819344997 2.1864333 3.5 2729 3816 2731 3818 0.42891404872219824 0.4293652795661601 0.0009840864564320396 2.3314817073417844 2.3290314941816788 -0.010687308363323626 1.0023554299655089 0.0023498949525218027 51.45634869163248
1552.0526916204035 3820.3597688846808 53.12839574535599 -27.848846021094555 765 0.1561026905227294 16 25.031012368117402 0.00674383082123244 3.8301365125334565 0.02379091154347504 24.874909677594673 0.01823512142007671 4.422372588435037 0.07427696519750558 0.07458345920352613 0.066483736 8.0 1.532665988171174 24.862200338896024 4.4744438752532005 2.1221263 3.5 1551 3819 1553 3822 0.3605433465715337 0.48670277127283046 0.007777535672584441 2.7745480408859367 2.055350606014416 -0.08867484484156783 1.1631990922738473 0.14030194259765294 86.48554025258
2202.053350726409 3820.97225855411 53.11818543130154 -27.848838258455938 766 0.670627568796391 16 25.91394952433774 0.012050494051988605 1.6983976910678311 0.018851000528805447 25.243321955541347 0.020325589025962952 3.1498539575355897 0.0589689942273845 0.07339837581669684 0.066483736 9.0 1.7103439368328004 25.295368940046963 3.0024212449789047 1.7421306 3.5 2201 3820 2203 3822 0.4979795780717676 0.5570908544075203 -0.013782652893956426 2.009490463080241 1.796269324880935 0.09943121243950828 1.0638529546325595 0.060020470267541204 -77.49949644923512
2510.5910448414797 3825.4292956123013 53.113338872303785 -27.84877644537271 767 0.6542153417653793 16 25.25766117458744 0.0076074797614003676 3.10852762082414 0.021781395379178115 24.60344583282206 0.012998506302625334 5.678594629246488 0.06798678095082882 0.07542101671365467 0.066483736 12.0 1.9385257995983372 24.622758539937195 5.578478768467903 2.3710635 3.5 2509 3824 2512 3827 0.7084370848169149 0.6469324460353356 0.041061947920480533 1.41677011749607 1.5514641413422197 -0.17984981627197336 1.0787958151202761 0.07304052723961596 26.58477107773128
2202.4020382007784 3826.9927983925277 53.118179950206326 -27.84875464005317 768 1.028598388972597 0 26.350201276519094 0.02158536919966405 1.13641953305092 0.022593750747548977 25.321602887546497 0.026175336884288324 2.9307450859146367 0.07065786123771589 0.0722024805632466 0.066483736 7.0 1.644653252195078 25.560159878864717 2.352638766169548 1.5420741 3.5 2201 3826 2203 3828 0.4865053631745854 0.4890754354700688 -0.014392843822472792 2.057266901077731 2.046456043930933 0.1210852930280379 1.0300756497029355 0.029197515455888223 -47.55100523128782
4031.977132752635 3830.325568132646 53.08944072880707 -27.848706410339883 769 0.641117384913187 16 26.18132889962601 0.016259801014282284 1.3276623529712261 0.019883508955941737 25.540211514712823 0.028115572226590564 2.396263621311927 0.06205427182365933 0.07075903431285877 0.066483736 7.0 1.5739619337151127 25.616459805385325 2.2337536662817 1.5030328 3.5 4031 3829 4033 3831 0.4986560183255389 0.3948613464796291 -0.004421599507553519 2.005589554413961 2.5327860286039736 0.044916595991037346 1.1242515692312118 0.11051936473273316 -2.4348905152098124
1594.0530416631202 3838.3445591991954 53.12773596365821 -27.848596303169124 770 0.31881901222771347 16 25.772216132452385 0.012430273732400675 1.9352307113863694 0.022156624737847522 25.453397120224672 0.028934328536576785 2.5957349961696305 0.06917735025611307 0.07222068451699756 0.066483736 7.0 1.4826280321312542 25.509950132174133 2.4639911726117134 1.5777658 3.5 1593 3837 1595 3839 0.40634974179032185 0.3864782258159352 0.015014482220445284 2.464471945677045 2.591187476761772 -0.19148695962383747 1.0464977693459705 0.04443179021301713 28.25280099595582
817.2508653843464 3842.4075634362894 53.13993805243201 -27.848538055548502 771 0.42955094381908054 80 23.18888256369454 0.0012691056296719482 20.8961450862818 0.024426098708153307 22.75933161987546 0.002669779190978179 31.037487133704275 0.07632240700913387 0.07013130028148837 0.066483736 18.0 2.005830847456918 22.76356159629885 30.916801810264587 5.566148 3.5 816 3840 819 3844 0.6273979007121822 0.8237215373556276 0.024417761979204304 1.5957258049607321 1.2154046904717377 -0.09460491470137021 1.150651074378905 0.13092680981523697 83.01558890772895
3872.01225290965 3842.2045405087256 53.091953511364416 -27.848541831902708 772 0.33869489108720074 16 24.6373244322957 0.004162384134095457 5.504139439063673 0.021101909066047433 24.2986295412085 0.009514966964138201 7.519126372614531 0.06589687670130567 0.07260797369255595 0.066483736 10.0 1.6570028043154714 24.327148164803717 7.324195608496666 2.7130086 3.5 3871 3841 3873 3844 0.44313898795420575 0.5471479130511875 -5.692236418379386e-05 2.2566283729177745 1.8276593760305095 0.0004695352719318041 1.111174894143136 0.10005166129033782 -89.96864298018536
1520.0888993926942 3847.7710914948193 53.12889778245477 -27.848465252351918 773 0.730889108074372 16 25.416115988734624 0.009059064711902171 2.68641315194502 0.022415391532076095 24.685226880660252 0.014433269233413764 5.266577121816264 0.07001374738667357 0.07136684743194646 0.066483736 11.0 1.8749127127124683 24.765545008314106 4.891039803624153 2.220559 3.5 1519 3846 1522 3849 0.6224923330315364 0.6453832996194766 -0.0369074681762876 1.6119108361145165 1.5547383045135414 0.18436035739377338 1.0629310889525032 0.05920523880294104 -53.61466970332216
1582.112945487183 3850.0739425060974 53.1279234979884 -27.848433375282713 774 0.3557368434005923 16 25.782688791228537 0.012791242215692113 1.9166538417773544 0.0225811766913613 25.426951947827945 0.0287761875785224 2.6597353249097964 0.07049557209065718 0.07129144362979017 0.066483736 6.0 1.4092505637268449 25.501306649212133 2.483685150742531 1.5828508 3.5 1581 3849 1583 3851 0.3731479991911836 0.34314545444448186 0.06610296354490927 2.774586730145673 3.017179663977669 -1.0689834476865112 1.2111523267121065 0.17434002483016975 38.60698668386732
866.210857947034 3855.2054836324796 53.139168940775704 -27.848360452908192 775 0.689800118567689 16 25.950897581969123 0.01442521565365129 1.6415728764775617 0.02181085267972137 25.261097463401434 0.02385293685746637 3.0987048730487996 0.06807885389772161 0.07207823577462821 0.066483736 8.0 1.637752074704438 25.408341762520465 2.7057177796959877 1.6536909 3.5 865 3854 867 3856 0.44452534377687386 0.5228853063075365 -0.06346003185462423 2.2892540735526747 1.9461848358769696 0.5556711373546853 1.1681546904745395 0.14394899224025715 -60.845511786615525
4478.500308781851 3855.292341482484 53.0824267804998 -27.84835827200645 776 0.505525737617539 16 26.083930700655117 0.014958577412012088 1.4522685089997254 0.02000909175177283 25.578404963037578 0.02933702808098026 2.313434539333499 0.06251201440907846 0.07689828454102907 0.066483736 6.0 1.5587564872668471 25.65245159598912 2.1609193682670593 1.4773799 3.5 4477 3855 4480 3856 0.6694589529625853 0.2068779401030684 -0.006381048712965738 1.4941828488841866 4.835189701958098 0.09217467594715775 1.7993921599742708 0.4442567761247227 -0.7901630893650909
3672.3021015247828 3866.0243959872964 53.095090636334675 -27.848211445191456 777 1.0777067617111555 0 22.13484385799761 0.0009813619152104652 55.16729086159686 0.04986559658921385 21.057137096286453 0.0011381833564899607 148.8553204389865 0.1560510714273135 0.08995327777709825 0.066483736 72.0 3.182943648206037 20.96725058207405 161.70333153009415 12.726512 3.5 3668 3862 3677 3870 1.883719283696623 1.77031356523992 -0.041278534207724704 0.531136047859727 0.5651604525123699 0.02476907814640412 1.039154529029199 0.03767921703211752 -18.02693021695892
