data/benchmark/benchmark2015_acs_f606w_hap/hst_137/3-PRODUCT/hst_13779_1d_acs_wfc_f606w_jcoi1d_segment-cat.ecsv
# %ECSV 1.0
# ---
# datatype:
# - {name: X-Centroid, unit: pix, datatype: float64, format: 10.3f, description: Pixel Coordinate}
# - {name: Y-Centroid, unit: pix, datatype: float64, format: 10.3f, description: Pixel Coordinate}
# - {name: RA, unit: deg, datatype: float64, format: 13.7f, description: Sky coordinate at epoch of observation}
# - {name: DEC, unit: deg, datatype: float64, format: 13.7f, description: Sky coordinate at epoch of observation}
# - {name: ID, unit: '', datatype: int64, format: 7d, description: Catalog Object Identification Number}
# - {name: CI, unit: mag(AB), datatype: float64, format: 7.3f, description: Concentration Index}
# - {name: Flags, unit: '', datatype: int64, format: 5d, description: Numeric encoding for conditions on detected sources}
# - {name: MagAp1, unit: mag(AB), datatype: float64, format: 7.3f, description: ABMAG of source based on the inner (smaller) aperture}
# - {name: MagErrAp1, unit: mag(AB), datatype: float64, format: 7.3f, description: Error of MagAp1}
# - {name: FluxAp1, unit: electron / s, datatype: float64, format: 10.4f, description: Flux of source based on the inner (smaller) aperture}
# - {name: FluxErrAp1, unit: electron / s, datatype: float64, format: 10.4f, description: Error of FluxAp1}
# - {name: MagAp2, unit: mag(AB), datatype: float64, format: 7.3f, description: ABMAG of source based on the outer (larger) aperture}
# - {name: MagErrAp2, unit: mag(AB), datatype: float64, format: 7.3f, description: Error of MagAp2}
# - {name: FluxAp2, unit: electron / s, datatype: float64, format: 10.4f, description: Flux of source based on the outer (larger) aperture}
# - {name: FluxErrAp2, unit: electron / s, datatype: float64, format: 10.4f, description: Error of FluxAp2}
# - {name: MSkyAp2, unit: electron / (pix s), datatype: float64, format: 7.3f, description: Sky estimate from an annulus outside Aperture
#     2}
# - {name: Bck, unit: electron / s, datatype: float32, format: 10.4f, description: Background at the position of the source centroid}
# - {name: Area, unit: pix2, datatype: float64, format: 8.3f, description: Total unmasked area of the source segment}
# - {name: FWHM, unit: pix, datatype: float64, format: 8.3f, description: Circularized FWHM of 2D Gaussian function having the same second-order
#     central moments as the source}
# - {name: MagSegment, unit: mag(AB), datatype: float64, format: 7.3f, description: Magnitude corresponding to FluxSegment}
# - {name: FluxSegment, unit: electron / s, datatype: float64, format: 10.4f, description: Sum of unmasked data values in the source segment}
# - {name: FluxSegmentErr, unit: electron / s, datatype: float32, format: 10.4f, description: 'Uncertainty of FluxSegment, propagated
#     from the input error array'}
# - {name: KronRadius, unit: pix, datatype: float64, format: 8.4f, description: The unscaled first-moment Kron radius}
# - {name: Xmin, unit: pix, datatype: int64, format: 8.0f, description: Minimum X pixel within the minimal bounding box containing the
#     source segment}
# - {name: Ymin, unit: pix, datatype: int64, format: 8.0f, description: Minimum Y pixel within the minimal bounding box containing the
#     source segment}
# - {name: Xmax, unit: pix, datatype: int64, format: 8.0f, description: Maximum X pixel within the minimal bounding box containing the
[...]
# - h12: [RA and Dec values in this table are in sky coordinates (i.e. coordinates at the epoch of observation]
# - h12.1: [and an undistorted a priori solution based on GSC240).]
# - h13: [Magnitude values in this table are in the ABMAG system.]
# - h14: ['Column titles in this table ending with Ap1 refer to the inner photometric aperture ']
# - h14.1: ['(radius = 1.000000000000064 pixels, 0.05 arcsec.']
# - h15: ['Column titles in this table ending with Ap2 refer to the outer photometric aperture ']
# - h15.1: ['(radius = 3.000000000000192 pixels, 0.15 arcsec.']
# - h16: [CI = Concentration Index (CI) = MagAp1 - MagAp2.]
# - h17: ['Flag Value Identification:']
# - h17.1: ['    0 - Stellar Source (0.9 < CI < 1.23)']
# - h17.2: ['    1 - Extended Source (CI > 1.23)']
# - h17.3: ['    2 - Questionable Photometry (Single-Pixel Saturation)']
# - h17.4: ['    4 - Questionable Photometry (Multi-Pixel Saturation)']
# - h17.5: ['    8 - Faint Detection Limit']
# - h17.6: ['   16 - Hot pixels (CI < 0.9)']
# - h17.7: ['   32 - False Detection Swarm Around Saturated Source']
# - h17.8: ['   64 - False Detections Near Image Edge']
# - h17.9: ['  128 - Bleeding and Cosmic Rays']
# - h18: ['#=================================================================================================']
# schema: astropy-2.0
X-Centroid Y-Centroid RA DEC ID CI Flags MagAp1 MagErrAp1 FluxAp1 FluxErrAp1 MagAp2 MagErrAp2 FluxAp2 FluxErrAp2 MSkyAp2 Bck Area FWHM MagSegment FluxSegment FluxSegmentErr KronRadius Xmin Ymin Xmax Ymax X2 Y2 XY CXX CYY CXY Elongation Ellipticity Theta
[from data line 260]
3959.6811435210425 1862.6081940425263 53.09057066292164 -27.87603600520301 261 0.370429717617597 16 24.99823263938947 0.006288432235192537 3.9475364129238257 0.022864341188750577 24.627802921771874 0.01396062793162346 5.552621006583849 0.07139916728215313 0.07414031852634287 0.066483736 12.0 1.8235969879071354 24.64162167632324 5.482397615909576 2.3507152 3.5 3958 1861 3961 1864 0.618055013021202 0.5813677313725403 0.06115271707685125 1.6349954392486157 1.7381720260061524 -0.34396272143368356 1.1127828664138055 0.10135208747172209 36.6513123712461
3152.914084018217 1871.8760726897012 53.103246679418284 -27.875908772536803 262 0.4076179062334475 16 24.91999118134455 0.0058189318950668065 4.242508566711171 0.02273820430499198 24.512373275111102 0.012486514670126464 6.1754682104644765 0.07102337146989436 0.07193397530882628 0.066483736 10.0 1.6943880998670853 24.50917411964177 6.193691253662109 2.495979 3.5 3152 1870 3154 1873 0.4411303733758541 0.5943463310997921 -0.02350956706060882 2.2716923897248646 1.6860750367888768 0.179715098025378 1.1688628314837546 0.14446762009653447 -81.46986088127318
4342.781557072801 1873.8120045017317 53.08455139273637 -27.875879284341973 263 1.520036763828898 1 26.90754486127627 0.042950635914294065 0.6801446025635981 0.026906735925008137 25.387508097447373 0.03307143831886091 2.7581378077867345 0.08401545950551463 0.07898448501097954 0.066483736 6.0 1.5727026744245924 26.20165761948769 1.3030352145433426 1.1509852 3.5 4342 1873 4344 1875 0.4706032558648178 0.4214849511968424 0.12997125250013047 2.3227473381307115 2.5934317625616825 -1.4325084676022193 1.3576088387963732 0.2634108062477124 39.64982352559082
2228.8349233909594 1876.7505621681544 53.11776588458446 -27.875841351365306 264 0.34323794887173875 16 24.645588941596287 0.004523527835078688 5.462401564747232 0.02275888875795476 24.30235099272455 0.010294416163658922 7.493398057183271 0.07105108048318855 0.07182081566523699 0.066483736 12.0 1.769955752789951 24.30913477892632 7.446724534034729 2.736821 3.5 2227 1875 2230 1878 0.5343485067890997 0.5955498231382889 0.02056641932488452 1.8739285472791567 1.6813554167332383 -0.12942661987581752 1.0675378726872453 0.06326508353023252 73.04765867975229
2177.0409623460127 1882.5749349675616 53.1185796710353 -27.875760427994194 265 0.3284543962613924 16 25.076963144389296 0.005858859818588339 3.671418929126362 0.01981240567473802 24.748508748127904 0.013522119152386096 4.968390254346134 0.061880045145825076 0.0695272556152837 0.066483736 9.0 1.6692845839785553 24.784145791462578 4.807960420846939 2.200127 3.5 2176 1881 2178 1884 0.3628038838301871 0.6422175244865249 0.057503737196393075 2.7959902618396626 1.5795210928849315 -0.5007022794933891 1.363739871762477 0.2667223268117731 78.81389525983747
816.9468346536989 1888.1281883024544 53.1399495320823 -27.875680820078895 266 0.7937348630614096 16 25.84807029288568 0.012829095917164588 1.8046420943461774 0.021324423436050375 25.05433542982427 0.019283921858934756 3.7487374820139046 0.06658410304210736 0.07165131720463164 0.066483736 8.0 1.6813050439596389 25.20183336647775 3.272546708583832 1.8170093 3.5 816 1887 818 1889 0.5034721523544803 0.5160756183515042 0.13166992014344497 2.128210642934617 2.076236030069915 -1.0859700223728428 1.3029005890252885 0.2324817346593504 46.3700448835277
2235.928364603421 1887.9436704855298 53.11765442550124 -27.875685895173653 267 0.22989539967753814 16 24.992208483447627 0.0065294476218470884 3.969500007501593 0.023872747889751564 24.76231308377009 0.01650183578470787 4.905620713820259 0.07456180108825947 0.07385570129813396 0.066483736 9.0 1.5471545803922928 24.780040021039007 4.826176404953003 2.2042627 3.5 2235 1887 2237 1889 0.4159682407140088 0.44737195699665583 0.021365408778591857 2.409941218603584 2.2407730150466296 -0.23018599383612323 1.0634314936023015 0.05964793593561124 63.15644813739446
3871.17863328304 1893.2040724341682 53.09196130634062 -27.875611282307773 268 0.32698205034697025 16 25.972316267974904 0.015597867242969084 1.6095063456982492 0.023123207430153444 25.645334217627934 0.03605178471651599 2.175131477900534 0.07222747699308033 0.07381223766869285 0.066483736 6.0 1.4028439751036597 25.718423866540938 2.0335256457328796 1.433617 3.5 3870 1892 3872 1894 0.34726861878809395 0.3625269605919053 0.071751875874038 3.00239548522327 2.8760281207961964 -1.188477170518735 1.228985360962704 0.18632065786636565 48.03464609868888
1751.0597671405462 1894.300425269367 53.125272695262865 -27.875597151720108 269 0.7227100004248825 16 26.061025957512385 0.015807930117042544 1.4832310808975788 0.02159603322672414 25.338315957087502 0.0253683473296746 2.8859766811286502 0.0674334151535536 0.08559627937782341 0.066483736 7.0 1.5878085189776636 25.433447221989816 2.643871307373047 1.6337763 3.5 1750 1893 1752 1895 0.5039765596391373 0.4053310028980828 0.00776228121881908 1.9848046993655368 2.467847356332996 -0.07601990536501256 1.116573026359122 0.10440250982888144 4.471846719742637
3719.1616383166574 1894.1533094157917 53.094349805397826 -27.87559844347601 270 1.6555995981943497 1 27.245415046965427 0.1044223996565485 0.4982567394374088 0.04792222932403228 25.589815448771077 0.0709883702864351 2.289248935814587 0.14968227975815918 0.0941665049579184 0.066483736 6.0 1.5878236245851407 26.416248842050933 1.0693494826555252 1.0445484 3.5332299310265864 3718 1893 3720 1895 0.45301018629035267 0.45631467771400097 0.1312042176747 2.407984757289003 2.390546867676071 -1.3847363307946126 1.3458638731730816 0.2569828049233941 45.36074184205799
2487.239112461075 1897.7008823635913 53.11370581774584 -27.875550449546058 271 0.3345850214077828 16 23.991674525758782 0.0024484793833167207 9.975838051913833 0.02249759031170439 23.657089504351 0.005620292830670297 13.576361663992142 0.07028012169726637 0.07299458114751453 0.066483736 13.0 1.8212439521419796 23.665237478051218 13.47485837340355 3.6772196 3.5 2486 1896 2489 1899 0.5875675127508905 0.6087619343855104 -0.06728038270056866 1.723746571198837 1.6637332728014984 0.38101701975211794 1.1211563969004643 0.10806377882284024 -49.47550807348194
2325.810212381497 1902.520540252954 53.11624219167463 -27.875483477038426 272 0.7204788820773089 16 25.180947359029673 0.0074870940509798485 3.33610919247926 0.023006137320098232 24.460468476952364 0.012040917291967993 6.47786375772718 0.07184251794734269 0.07332351170607393 0.066483736 14.0 2.026623772042409 24.50463452727317 6.219642028212547 2.5040667 3.5 2324 1901 2327 1904 0.7399664714015033 0.7413942080466474 -0.00205258868175041 1.3514229608757782 1.3488204640348398 0.007482970445802936 1.002938354460053 0.002929745828331387 -54.58856314795536
1771.8212390512597 1929.8332133191907 53.12494643666318 -27.87510366886664 273 1.2030360120733832 4 19.699606548909998 0.000597538278762714 519.7285578347645 0.2860437578266674 18.496570536836614 0.000620619440373253 1573.9501950785095 0.8997182363866602 0.22740366327762607 0.066483736 379.0 4.5128414645624115 18.32764190007064 1838.9183243364096 42.898613 3.5 1761 1917 1785 1942 3.7521978850411557 3.5931894495151746 -0.04476191835194644 0.2665500764958391 0.2783456445415632 0.006641059664929007 1.0251589092971287 0.024541472613624604 -14.690041120109395
323.91376264128127 1926.492115167459 53.14769592036447 -27.87514627558309 274 0.4776366037210238 16 25.668315151614323 0.01076938168538199 2.1295759809229233 0.02112389846788313 25.1906785478933 0.021666765365402504 3.3063420563046106 0.06598299488966973 0.07120491715854613 0.066483736 8.0 1.6207891515519934 25.26078122354467 3.0996075570583344 1.7687802 3.5 323 1925 325 1928 0.42608700593859583 0.5213876240766684 0.00044500609155930226 2.346940595380344 1.9179605445608152 -0.004006243390688901 1.1061986866545999 0.09600326590132657 89.73246522230815
619.9665947958988 1926.632185947626 53.14304434729636 -27.875145410237344 275 0.592527524586437 16 25.484389641318046 0.009915893464717933 2.52268685344239 0.02304015297373053 24.89186211673161 0.017932312987501066 4.353858934927741 0.07191191040301398 0.07394682187022586 0.066483736 10.0 1.8080299611088793 24.934543787047986 4.186023727059364 2.0548098 3.5 618 1925 621 1928 0.6449089349568384 0.5341236110698947 0.03054382047398389 1.554817528114232 1.8773102243127748 -0.17782425814652847 1.1137308873559608 0.10211702723443572 14.436292651637746
2302.8868510792377 1927.9195278409345 53.116602352865385 -27.875130704907633 276 0.437677583982115 16 25.75452230296648 0.012856520958109527 1.9670268101230892 0.023292918310316685 25.316844718984363 0.026814745303227125 2.943617071061758 0.07270179794671866 0.07142531673615227 0.066483736 6.0 1.4170128206761914 25.41650954058524 2.685439571738243 1.6453483 3.5 2302 1927 2304 1929 0.33590641831817797 0.388299562126925 0.070693123213814 3.0956287244964975 2.6779364663527256 -1.1271692486406653 1.2352728938685182 0.19046228168393742 55.166533495654924
4351.670730649455 1935.4339322101425 53.08441195260692 -27.875023395448668 277 0.516162160526747 16 25.75858555868075 0.012503729611568235 1.9596791727175293 0.022569124528950643 25.242423398154003 0.024274963229819695 3.1524618617800915 0.07048530512859966 0.06821696518933121 0.066483736 8.0 1.6629599210726749 25.314935247833404 2.948798529803753 1.7256229 3.5 4351 1934 4353 1937 0.34828670251134675 0.6491333897337208 0.10408970012220317 3.0157203508226837 1.6180577263407285 -0.967152304700656 1.4692002028926237 0.3193575674498563 72.65880186442213
3883.2742343009254 1935.8938689306297 53.0917713769517 -27.875018339302795 278 0.5252882720636691 16 25.47549184889582 0.011378031469912382 2.543445644975914 0.026655065478997462 24.950203576832152 0.02190010845672227 4.126081192828999 0.0832289081921314 0.06818551241846407 0.066483736 9.0 1.6927803291344186 25.069348744827103 3.6972575336694717 1.9312834 3.5 3882 1935 3885 1937 0.6490901786670004 0.38442237215575153 0.049165788752672614 1.5556887360957834 2.6267521164286745 -0.39793034591029686 1.3235354712969927 0.24444790359864366 10.19072791358984
3001.873127478006 1943.6932441762133 53.10561991695143 -27.87491146159374 279 0.7139900826317387 16 25.61378486887491 0.011676749276454134 2.239263766957769 0.024083376227884392 24.89979478624317 0.018899876876176797 4.3221644406056345 0.07524028347244732 0.07176129933575104 0.066483736 11.0 1.8871584909904346 24.95772822096655 4.097584441304207 2.0340664 3.5 3001 1942 3003 1945 0.5157238023452301 0.7687678864330155 0.09803687555923286 1.9871957760113161 1.3330995996256838 -0.5068329945689777 1.289918933505314 0.22475748357105552 71.11466287091409
2280.144757194081 1946.9662908864555 53.116959666729045 -27.874866157257337 280 0.4431260431795607 16 23.55745387038357 0.0015876838931874922 14.881189678649509 0.021761651620392168 23.114327827204008 0.0032949729694643905 22.38144228941605 0.06792506895206141 0.069741215758227 0.066483736 18.0 1.9852879101390994 23.117217718098445 22.32194908708334 4.7315054 3.5 2279 1945 2282 1949 0.5547172756588551 0.866830772390809 0.054893957529752395 1.814088589338921 1.1609028107140278 -0.2297622676770468 1.2675563773916274 0.21108045540522924 80.31017589424319
1679.6548303941654 1951.738279414952 53.12639451496436 -27.874799301382495 281 0.543021394903846 16 23.94415205381673 0.002592958103467711 10.422175426453025 0.02489109719792154 23.401130658912884 0.004913533613030016 17.185688547967086 0.07777697185548611 0.07260669040844928 0.066483736 17.0 2.0336300402357517 23.397944158452603 17.236200489103794 4.159836 3.5 1678 1950 1682 1954 0.773794245944836 0.7178266018844665 0.12328540244449077 1.3286914096383544 1.4322870797980944 -0.45640062581065244 1.18668170146152 0.1573140474245136 38.60573080503563
4128.76910123892 1954.0605163544274 53.08791423244059 -27.87476537545366 282 0.4829432169371657 16 24.910203365870657 0.0063020903203932855 4.280927315328077 0.024849213038810245 24.42726014893349 0.012614905697094916 6.679056863077109 0.07760492997444259 0.0725565591617249 0.066483736 12.0 1.8393039002999947 24.429965766551135 6.662433601915836 2.5895748 3.5 4127 1953 4130 1956 0.6046466724744223 0.6155266660818465 0.0743303503562065 1.678780134610646 1.6491061689819886 -0.4054554333802212 1.1306297431092391 0.1155371543207474 47.09291452184874
1535.7079546519783 1955.7556476246014 53.12865618890936 -27.874743270577422 283 0.4821973085400231 16 24.256346960438762 0.002853308165934272 7.817725484015787 0.020545620302638578 23.77414965189874 0.005714721116293311 12.188754778860353 0.06415707314734664 0.07121881342505756 0.066483736 14.0 1.9237841305235017 23.798772587861066 11.91544222831726 3.4592123 3.5 1534 1954 1537 1958 0.5737440082802915 0.7610898786094775 0.08478728663059092 1.772111759124084 1.335898075084229 -0.39483522744201516 1.2112082331173963 0.17437813527224022 68.92521976557282
2389.1494760009514 1971.6438429144234 53.115246985530696 -27.874523449596428 284 0.6089758002830834 16 26.057390131377545 0.01932380823182483 1.4882063316349403 0.02648780856765321 25.44841433109446 0.03443454059175219 2.6076750278677254 0.08270617260496427 0.07308691477371473 0.066483736 6.0 1.4989320907987675 25.677772161072227 2.111107438802719 1.4604244 3.5 2388 1971 2390 1973 0.34835278399821296 0.46200808734347437 0.05017891842670091 2.9162780794546235 2.198865378596124 -0.6334767025397895 1.2084453369513308 0.1724904971516521 69.27771915866441
4153.022385294392 1977.7853600899298 53.087533244919285 -27.87443579380035 285 1.5756487316638328 1 24.92823814389955 0.014807840626444625 4.210405680297711 0.0574256390223134 23.352589412235716 0.010842100153212022 17.971463103315976 0.17946799563959318 0.11091758446492689 0.066483736 67.0 4.3740697212118 22.894178013941435 27.41245898604393 5.2588143 3.5 4149 1973 4157 1982 3.096538104622377 3.804047536715035 0.38190200122815177 0.3269899901585501 0.266173583422256 -0.06565540015883281 1.16420370924477 0.14104379494830022 66.40442490082562
4481.7165497794995 1974.9465747341021 53.08236883519761 -27.874474169765232 286 0.7833984022804472 80 24.656664092581373 0.00557017889325617 5.406965063601677 0.027740409573406618 23.873265690300926 0.008463289316088411 11.125330575226416 0.08672459371397757 0.06943246571125683 0.066483736 6.0 1.349583489479629 24.579256580614775 5.8065285831689835 2.414179 3.5 4481 1974 4482 1976 0.20310619299879956 0.45381619165428716 -0.0072593563855240986 4.926349340012426 2.20479585839524 0.1576062123670753 1.4959033525336747 0.33150761490957426 -88.34284048566509
2463.0756865609837 1978.9333746591337 53.11408546480965 -27.874422218550833 287 0.6714092238518177 16 25.67479400237751 0.013926129855576216 2.1169061251718393 0.027153274008665112 25.003384778525692 0.02343588115888486 3.9288485608703043 0.08480798375592913 0.0704897799538671 0.066483736 9.0 1.6903680956714369 25.13135969440731 3.4920087456703186 1.8773935 3.5 2462 1978 2464 1980 0.5269224119336905 0.5036467005871275 -0.0009185404801322451 1.8978186476921177 1.9855251272149887 0.006922405129718418 1.0229180887295286 0.02240461771283464 -2.2564129733747667
2869.9245113219868 1981.9198367404158 53.10769311228796 -27.874380634270523 288 0.1935029806763353 16 24.679877445466317 0.004662264116069707 5.29258963930238 0.022727687903105646 24.486374464789982 0.012188654424339094 6.32512939700597 0.0710093178680428 0.07497027085829772 0.066483736 9.0 1.5355815607737089 24.49395356651229 6.281129881739616 2.5127134 3.5 2869 1981 2871 1983 0.41660859547869755 0.43386400107841017 0.0025944192044569468 2.40042392614609 2.304955557362436 -0.028708101697083935 1.0214159449823692 0.02096691860703126 81.63177367326134
