data/benchmark/benchmark2015_acs_f606w_hap/hst_137/3-PRODUCT/hst_13779_1d_acs_wfc_f606w_jcoi1d_point-cat.ecsv
# %ECSV 1.0
# ---
# datatype:
# - {name: X-Center, unit: pix, datatype: float64, format: 10.3f, description: Pixel Coordinate}
# - {name: Y-Center, unit: pix, datatype: float64, format: 10.3f, description: Pixel Coordinate}
# - {name: RA, unit: deg, datatype: float64, format: 13.7f, description: Sky coordinate at epoch of observation}
# - {name: DEC, unit: deg, datatype: float64, format: 13.7f, description: Sky coordinate at epoch of observation}
# - {name: ID, unit: '', datatype: int64, format: 7d, description: Catalog Object Identification Number}
# - {name: MagAp1, unit: mag(AB), datatype: float64, format: 7.3f, description: ABMAG of source based on the inner (smaller) aperture}
# - {name: MagErrAp1, unit: mag(AB), datatype: float64, format: 7.3f, description: Error of MagAp1}
# - {name: FluxAp1, unit: electron / s, datatype: float64, format: 10.4f, description: Flux of source based on the outer (smaller) aperture}
# - {name: FluxErrAp1, unit: electron / s, datatype: float64, format: 10.4f, description: Flux of source based on the outer (smaller)
#     aperture}
# - {name: MagAp2, unit: mag(AB), datatype: float64, format: 7.3f, description: ABMAG of source based on the outer (larger) aperture}
# - {name: MagErrAp2, unit: mag(AB), datatype: float64, format: 7.3f, description: Error of MagAp2}
# - {name: MSkyAp2, unit: electron / (pix s), datatype: float64, format: 7.3f, description: Sky estimate from an annulus outside Aperture
#     2}
# - {name: StdevAp2, unit: electron / (pix s), datatype: float64, format: 7.3f, description: Standard deviation of sky estimate from annulus
#     outside Aperture 2}
# - {name: FluxAp2, unit: electron / s, datatype: float64, format: 10.4f, description: Flux of source based on the outer (larger) aperture}
# - {name: FluxErrAp2, unit: electron / s, datatype: float64, format: 10.4f, description: Flux of source based on the outer (larger) aperture}
# - {name: CI, unit: mag(AB), datatype: float64, format: 7.3f, description: Concentration Index}
# - {name: Flags, unit: '', datatype: int64, format: 5d, description: Numeric encoding for conditions on detected sources}
# meta: !!omap
# - h00: [' #==================================================================================================']
# - h01: [' # All refereed publications based on data obtained from the HAP must carry the following footnote: ']
# - h02: [' #                                                                                                  ']
# - h03: [' #     Based on observations made with the NASA/ESA Hubble Space Telescope                          ']
# - h04: [' #     and obtained from the Hubble Advanced Products collection generated                          ']
# - h05: [' #     by the Space Telescope Science Institute (STScI/NASA).                                       ']
# - h06: [' #                                                                                                  ']
# - h07: [' # One copy of each paper resulting from data obtained from the HAP should be sent to the STScI.    ']
# - h08: [' #==================================================================================================']
# - {WCSNAME: IDC_4bb1536cj-GSC240}
# - {WCSTYPE: undistorted a priori solution based on GSC240}
# - {Proposal ID: 13779}
[...]
# - h10.4: ['the selected aperture. For details, see Whitmore et al., 2016 AJ, 151, 134W.']
# - h10.5: [' ']
# - h11: ['The X and Y coordinates in this table are 0-indexed (i.e. the origin is (0,0)).']
# - h12: [RA and Dec values in this table are in sky coordinates (i.e. coordinates at the epoch of observation]
# - h12.1: [and an undistorted a priori solution based on GSC240).]
# - h13: [Magnitude values in this table are in the ABMAG system.]
# - h14: ['Column titles in this table ending with Ap1 refer to the inner photometric aperture ']
# - h14.1: ['(radius = 1.000000000000064 pixels, 0.05 arcsec.']
# - h15: ['Column titles in this table ending with Ap2 refer to the outer photometric aperture ']
# - h15.1: ['(radius = 3.000000000000192 pixels, 0.15 arcsec.']
# - h16: [CI = Concentration Index (CI) = MagAp1 - MagAp2.]
# - h17: ['Flag Value Identification:']
# - h17.1: ['    0 - Stellar Source (0.9 < CI < 1.23)']
# - h17.2: ['    1 - Extended Source (CI > 1.23)']
# - h17.3: ['    2 - Questionable Photometry (Single-Pixel Saturation)']
# - h17.4: ['    4 - Questionable Photometry (Multi-Pixel Saturation)']
# - h17.5: ['    8 - Faint Detection Limit']
# - h17.6: ['   16 - Hot pixels (CI < 0.9)']
# - h17.7: ['   32 - False Detection Swarm Around Saturated Source']
# - h17.8: ['   64 - False Detections Near Image Edge']
# - h17.9: ['  128 - Bleeding and Cosmic Rays']
# - h18: ['#=================================================================================================']
# schema: astropy-2.0
X-Center Y-Center RA DEC ID MagAp1 MagErrAp1 FluxAp1 FluxErrAp1 MagAp2 MagErrAp2 MSkyAp2 StdevAp2 FluxAp2 FluxErrAp2 CI Flags
3711.777534004382 313.1831603929822 53.09446556516283 -27.897559276094384 1 24.998246948221365 0.00644432410945398 3.947484388995302 0.023430845371369288 24.018327656084004 0.00816126091709136 0.07410807068437439 0.013047412817042848 9.733928190966532 0.07317042250594911 0.9799192921373603 0
3693.696947290647 414.3953786054754 53.094749944945924 -27.8961535894226 2 24.57101634120953 0.0038752400235107427 5.850765124909857 0.02088341086875887 24.165863058186744 0.008332466114645743 0.07264606251496158 0.011605086098265173 8.497163545025934 0.06521352796309449 0.4051532830227842 16
2901.076606421708 478.5210610928113 53.10720603722916 -27.89526405359048 3 25.249934015330496 0.006731630358941325 3.130729852097688 0.019411362363474884 24.595976133570517 0.011508566767247963 0.07424697547844827 0.010770244785015443 5.717797192131032 0.06060942318064189 0.6539578817599789 16
3863.8617914757992 509.9418759772075 53.09207606023544 -27.894826173344864 4 25.921615568947594 0.013564809868376899 1.6864480707579326 0.02107059724852389 25.078287432688782 0.01947155405180355 0.0720490977621159 0.011711998261631915 3.6669435757416107 0.06576502720822193 0.8433281362588119 16
3501.5988187080666 513.6332457943458 53.097768966687255 -27.894775655120487 5 25.84259613862912 0.01170823410812959 1.8137638636719358 0.01955970519732584 25.43094929374496 0.0250319066344168 0.07274124304728524 0.010853835394572822 2.649961003637416 0.061097519045682266 0.41164684488416015 16
1924.574340722563 583.891311760508 53.122551536171706 -27.893800391971293 6 25.307136008626266 0.038620261492274995 2.970057087863964 0.10565016245766881 24.304531502273107 0.04792588010298173 0.044870183024390164 0.05926723545286426 7.478363991362398 0.330116216281192 1.0026045063531583 0
2329.11319885435 616.5990049491385 53.116194326017286 -27.893346401897368 7 24.518325407567964 0.00435572793403911 6.141706201946679 0.024639956955402408 23.53485891853242 0.0055224126686204186 0.08027820017174622 0.01372268028692723 15.194122834472868 0.07728490046022635 0.9834664890355427 0
2331.7381952628357 622.9424395718119 53.11615307281444 -27.893258299543884 8 24.912329492975772 0.006074818162606465 4.272552454431623 0.023906216497071062 23.817181076952537 0.00694554309387337 0.08130465156601785 0.013309060238706975 11.715120760425085 0.07494508251953853 1.0951484160232354 0
3866.8293312675933 631.0986806988699 53.0920297546453 -27.893143433324187 9 26.251668159153752 0.0174659228484651 1.2443768895018636 0.02001859698485081 25.747969528147266 0.03426778009658906 0.07312130077973308 0.011115974943472304 1.9789343602233935 0.06246079716470425 0.5036986310064862 16
2830.4670158829945 639.3992163441714 53.108315759818915 -27.89302967881668 10 26.365553162637028 0.09246130343605727 1.1204640722772115 0.09542191081884834 24.50256252595301 0.05205485054960039 0.09905760992559598 0.05350953043614514 6.23152282488786 0.2987758951330581 1.8629906366840174 1
2881.6951617826207 641.2501544454818 53.10751073311522 -27.89300394065391 11 25.528278860948646 0.009071747666109712 2.422744721871642 0.020243648131361047 24.884674091144305 0.015652935513390063 0.07394631305488489 0.0112430256508537 4.382778918802224 0.06318813280414169 0.643604769804341 16
3904.5700243303863 670.4742811019063 53.091436785343035 -27.892596458275197 12 24.18301769429273 0.002649474628535567 8.36396338169287 0.02041089506658911 23.715855944210205 0.00537696357277251 0.07542768921013232 0.011338264492898638 12.861061731535507 0.06369481480855205 0.4671617500825249 16
2631.299298767679 750.5373709935849 53.11144561891646 -27.891486168540975 13 25.352867921688727 0.0073667872079360135 2.847554414186199 0.019321476864998265 24.737600857797418 0.0130512424907009 0.07499875373219791 0.010719224151880829 5.018556956057696 0.0603282709651863 0.6152670638913094 16
1386.6717884729785 767.3066348510524 53.131004082065516 -27.891252129093452 14 26.06559868523621 0.012421466540960626 1.4769973849470641 0.0168982901337444 25.566965952412446 0.02449206577702687 0.07488549917732895 0.009341580374940964 2.3379370828650137 0.05274100471224116 0.49863273282376497 16
2834.5971160454324 775.7508844201428 53.10825094354421 -27.891135903724123 15 24.480610306830783 0.003581025570576833 6.358798714254614 0.020973584594175976 24.110533814057938 0.00795168929868716 0.0721850480642742 0.011656397393206373 8.941403110160394 0.0654870216692553 0.3700764927728457 16
3523.7181435466314 830.3228636168406 53.09742200598408 -27.89037715012907 16 25.198677425304837 0.006224927665864556 3.282072954190754 0.01881796696502518 24.71380963216221 0.012435028033713113 0.0743291149145528 0.01043331875908217 5.129739930165474 0.05875330186724253 0.4848677931426266 16
3824.5550003113926 833.7399923384277 53.092694610627355 -27.89032907126111 17 24.397455044160417 0.00362182842710537 6.864946907508832 0.02290104067438941 23.906883503562568 0.007206073788575395 0.07061882413793028 0.012745822400587548 10.786133693867622 0.0715903797471211 0.49057154059784835 16
545.7661078204982 842.7922825564518 53.14421803022284 -27.89020138960189 18 26.421801175585465 0.03951317874082024 1.0638949079152042 0.038719599942803676 24.725023559246097 0.02588771817511712 0.09239450026991475 0.021665208304418603 5.077030551057484 0.12105806030416846 1.696777616339368 5
3438.066014606768 846.6842077483258 53.09876798921037 -27.890150055958674 19 25.340806554085866 0.018045918834656074 2.879364055532425 0.04785923371241069 23.712334274420698 0.01257833913737206 0.12262497539237394 0.02680938744344397 12.902845312644779 0.14948546023717182 1.6284722796651678 1
3340.4903373287316 882.3274764278284 53.100301366682956 -27.8896551618167 20 23.99665157474621 0.0024874924589087166 9.93021314871486 0.022751524659467986 23.445090261810478 0.0046750116292515785 0.07368372749422014 0.012662661922026697 16.503767460284024 0.07106503159555273 0.551561312935732 16
543.4795814857973 883.2598779317309 53.14425379992714 -27.889639331792665 21 26.331777649632954 0.016552070397023295 1.1558677341001786 0.017621814593786457 25.620617045863547 0.026847490521144535 0.07060766936890009 0.009752973853255199 2.2252170664646047 0.0550257843781869 0.7111606037694074 16
63.9181799068958 963.4038598126385 53.151789264149144 -27.888524327654192 22 25.348235024542646 0.007024793064707754 2.859731048942637 0.018503287132303273 24.254226826145 0.00800504420068186 0.0753151107402075 0.010254912849905902 7.8330061950513254 0.057754039620153526 1.0940081983976455 0
3148.169216953583 1026.6098112044788 53.103323697924075 -27.887651489086476 23 26.20105656960733 0.019875119850862814 1.3037567581173735 0.023866926244777705 25.670565426295724 0.038077672526714845 0.07132366246229147 0.013294009278947451 2.1251668359724785 0.07453385543409298 0.5304911433116075 16
2476.0209422070016 1056.6660307822146 53.11388568903761 -27.88723439161472 24 23.737940834931486 0.0017288789170420834 12.602098404262584 0.020067700323864106 23.194313084120893 0.0032712201750735286 0.07444081458003343 0.011143037771024152 20.791889903211903 0.06264608062014772 0.5436277508105931 16
1434.4160363099943 1059.70129461116 53.13025317498096 -27.887191187335016 25 25.138936343944806 0.005584994899108099 3.46772510749959 0.017838470145430867 24.574797102539932 0.010367372974436908 0.07298929530645715 0.009876942049373753 5.830426964257402 0.05567487421817298 0.5641392414048738 16
696.6738337369347 1082.454405730134 53.14184576314031 -27.88687326043959 26 26.04955725056125 0.012848123110413482 1.4989815942694327 0.017738878201545124 25.092733990232638 0.016611427038288256 0.07546146779137403 0.00982028856486295 3.618475232875269 0.0553633944190482 0.956823260328612 0
2036.1975168587605 1089.605232826038 53.120796921270085 -27.886776696081316 27 26.140890016948923 0.015942117733855097 1.3780443464434282 0.020234821049529825 25.58263389588103 0.02976087694743731 0.07462769969790972 0.011237818456057737 2.304441258160599 0.0631686402475041 0.5582561210678918 16
1501.981443870373 1093.2936915123382 53.12919140236922 -27.88672475293929 28 25.642307343061887 0.010010996357665636 2.181203888548626 0.020112392174252938 24.8793124130094 0.015472701622448175 0.07809090981813702 0.011168784845878944 4.404475872411487 0.06276977155484484 0.7629949300524856 16
2001.2108945788352 1093.1620471163199 53.12134668538464 -27.886727264651025 29 23.83664970096929 0.0018317319153882713 11.506925997302206 0.019413837705875896 23.319340616425528 0.003550214028537074 0.07302354402461295 0.010772232807469138 18.530321480446126 0.0605937250374705 0.5173090845437613 16
1197.516811762216 1094.9075627363165 53.13397564862212 -27.88670170335433 30 25.80506562267501 0.01279585853148401 1.8775562259761278 0.022128528923733584 24.48887311102822 0.01189109634220986 0.07531493077777915 0.012310080949027857 6.310589871500138 0.06911654429232926 1.3161925116467899 1
3799.3286890610307 1179.486551443279 53.09309191233978 -27.885527094749975 31 25.335759850078674 0.006693705359517851 2.892779029197303 0.01783495486012603 24.956190613337874 0.014741392580222225 0.07149197205330021 0.009873669521218006 4.103391506140323 0.0557149351592188 0.37956923674079945 16
1056.9991171208958 1210.3955971868859 53.13618335358522 -27.885097354549526 32 24.433673561816647 0.0031075388582797506 6.6397201589147095 0.01900450253470651 23.68088359571901 0.004852206318740729 0.0722157676224065 0.01053867710346059 13.2820699216355 0.059360176475744625 0.7527899660976374 16
1259.2134676868095 1227.4957117903782 53.13300583252264 -27.884860343556863 33 25.533496930330486 0.008814360824550636 2.4111288987672466 0.01957498398105916 24.93374095172956 0.015838810899608924 0.07306383575595687 0.010863302822228296 4.189120179489189 0.06111327471554301 0.5997559786009248 16
1481.475054225076 1231.5432156964048 53.12951334343083 -27.884804583385623 34 24.935777605818757 0.005055521840708262 4.181269477242619 0.01946992646595457 23.94552039559614 0.006340880131465977 0.07587631924511634 0.010803483903212894 10.409048743171262 0.0607926041844299 0.9902572102226159 0
2207.143364971056 1232.4925492476295 53.11811064658631 -27.884792271517778 35 25.643455131076763 0.01005607867342109 2.1788992432626286 0.020181617584698046 25.1517667927748 0.01995968288570269 0.07355374982263765 0.011207646507186971 3.4269872083088484 0.06300228233508719 0.49168833830196235 16
3908.4840073787504 1232.7196957599128 53.091376851815646 -27.884787486231094 36 25.159408378966887 0.007166063168925087 3.4029522009978086 0.022460873568373358 24.521383278024203 0.012431936314260912 0.07955531157603879 0.012498871469183982 6.124433019115248 0.07012854495219438 0.6380251009426843 16
955.4478798685697 1267.7151753727987 53.137778889458964 -27.884300975612906 37 25.65173103998694 0.009200016759077003 2.1623539526589557 0.01832337902138601 25.12493649613029 0.017681050229407958 0.07414179596386544 0.010152297055122574 3.5127286432411164 0.0572061633816213 0.5267945438566528 16
2463.6266140478533 1306.5756926538647 53.11408042179505 -27.88376342335568 38 25.73107028431481 0.011528174800839458 2.009976994913921 0.021342328583433438 24.74567674030972 0.014518756481313821 0.07353060093481797 0.011865954361779892 4.981366598460311 0.06661439494077169 0.9853935440050918 0
4150.947598717732 1338.5542361392543 53.08756727996272 -27.883316910172166 39 23.752096493399755 0.0018618479072925994 12.43886066676444 0.021331184214349815 23.33727340249066 0.003967422219654409 0.06994503301666866 0.011859003405820754 18.226775294259433 0.06660524389342627 0.4148230909090955 16
926.5216773662675 1359.5037387523603 53.13823312088566 -27.88302605332802 40 25.125036287855565 0.006153002608028766 3.512405797653683 0.019905905897963035 24.41053896389711 0.009947975316323252 0.07340457099696476 0.011051062318114147 6.782715716965295 0.062148188753807225 0.7144973239584544 16
1686.3437690218532 1380.275995230144 53.12629391545054 -27.88273919216262 41 25.20958025148117 0.0065019210367683565 3.2492797194288525 0.019458929872063404 24.453544372904773 0.010117121938022267 0.07120021849667252 0.010797438892796012 6.519307277419898 0.0607503239173741 0.7560358785763981 16
2623.2259314130056 1394.6955913166976 53.11157262069567 -27.88253952927431 42 25.896425358051317 0.014963556480777171 1.7260328510862026 0.0237888827990285 25.36367208217517 0.02859338513110679 0.07207741066562606 0.013250828748507474 2.8193589208241026 0.0742516491166484 0.5327532758761464 16
4153.758530159202 1456.3563240455153 53.0875234990505 -27.8816807621755 43 26.299428860324824 0.020665154058458833 1.1908242124147708 0.022666082533014772 25.60215396951726 0.03394267445008077 0.07330570332074571 0.012615229733346745 2.263380722744923 0.07076097911828262 0.697274890807563 16
4128.053359625039 1479.9727544849425 53.08792747875503 -27.88135283047336 44 25.551915610475945 0.01350007205039087 2.3705709403069735 0.02947672330727362 24.021216939460388 0.010298114839582933 0.07813093267789442 0.0164609734259033 9.708059394228517 0.09208318182855041 1.530698671015557 1
3995.349331617432 1487.6319515757805 53.090012662600486 -27.881246817201635 45 25.673345402176068 0.012565257518836071 2.119732407695551 0.024532544509272367 25.07997580050172 0.022722231062396063 0.0703421326430693 0.013670027224395668 3.661245747653523 0.07662491650953152 0.5933696016743468 16
1078.3905313341659 1519.755306219611 53.135846323257574 -27.880800747943727 46 26.13211770885733 0.08039062280601776 1.3892234863848578 0.10286500993573366 24.139504570422048 0.04007734904480931 0.189916078280024 0.057704670705823184 8.705974130080104 0.32137087960421884 1.9926131384352814 1
3528.8013953153654 1557.01896816178 53.09734360372915 -27.880284141031517 47 23.971486600525218 0.0023243812352767377 10.16306165505494 0.0217581558478127 23.43674178423808 0.004435220175124618 0.07108470698367206 0.012100829642834059 16.631157896864707 0.06794035833089937 0.5347448162871373 16
2392.6802419619 1569.8185006611347 53.1151951504307 -27.88010726191362 48 24.94782480685881 0.005747861832960549 4.135131050280675 0.0218920161538163 24.26454914462682 0.009562983067162823 0.07357798696069395 0.012177064706013778 7.758889068039997 0.06834127731202101 0.683275662231992 16
2120.3083932642157 1585.2225705884755 53.119474832819826 -27.879893188745882 49 25.505990649598907 0.009014455984673753 2.4729933051111432 0.02053301031529637 24.68737760437697 0.013247479144666055 0.07696288012225053 0.011406060817544849 5.256154939195525 0.06413447815982885 0.8186130452219373 16
1217.175104043536 1624.8407353841224 53.133665354690166 -27.87934156744058 50 24.59152274378407 0.0041610609538376446 5.741298179996013 0.022004137129152196 23.500609922029952 0.004757200525629858 0.07682063684833743 0.01224010784995268 15.681053324501306 0.06870951010200556 1.0909128217541166 0
2697.5644573920013 1631.776106881514 53.110404621013885 -27.87924672593083 51 25.774611108813552 0.011926207483603247 1.9309665782934267 0.021211299674524103 25.04716668517223 0.019060220898666443 0.07232468314084811 0.011790657670919306 3.7735710063100747 0.06624767150877132 0.7274444236413231 16
3961.762315734646 1677.236677241841 53.09054096113136 -27.878613505845745 52 24.84307344339706 0.005423655462149778 4.553966411899616 0.02274951165547202 24.29624158006512 0.010232429327544331 0.06989720100063387 0.012662439865847938 7.535682089822728 0.07102176883020414 0.5468318633319385 16
2827.4091918383474 1679.2580917867745 53.10836445639318 -27.878587197840194 53 25.772219297769055 0.013760509333945634 1.9352250694918764 0.024527661998736804 25.30152006573602 0.027860065928504252 0.07124722366259523 0.01366726779311138 2.9854594323488293 0.07660964963812587 0.4706992320330343 16
498.14929142388144 1701.8013721664558 53.144962789967096 -27.878270541269828 54 26.06902900413553 0.015248383065446432 1.4723382636266336 0.020678620102876633 25.562407419620918 0.029849456965530728 0.07297547770253682 0.011489641033783925 2.3477736963847495 0.0645480058165622 0.5066215845146118 16
