data/benchmark/benchmark2015_acs_f606w_hap/hst_137/3-PRODUCT/hst_13779_1d_acs_wfc_f606w_jcoi1d_point-cat.ecsv
# %ECSV 1.0
# ---
# datatype:
# - {name: X-Center, unit: pix, datatype: float64, format: 10.3f, description: Pixel Coordinate}
# - {name: Y-Center, unit: pix, datatype: float64, format: 10.3f, description: Pixel Coordinate}
# - {name: RA, unit: deg, datatype: float64, format: 13.7f, description: Sky coordinate at epoch of observation}
# - {name: DEC, unit: deg, datatype: float64, format: 13.7f, description: Sky coordinate at epoch of observation}
# - {name: ID, unit: '', datatype: int64, format: 7d, description: Catalog Object Identification Number}
# - {name: MagAp1, unit: mag(AB), datatype: float64, format: 7.3f, description: ABMAG of source based on the inner (smaller) aperture}
# - {name: MagErrAp1, unit: mag(AB), datatype: float64, format: 7.3f, description: Error of MagAp1}
# - {name: FluxAp1, unit: electron / s, datatype: float64, format: 10.4f, description: Flux of source based on the outer (smaller) aperture}
# - {name: FluxErrAp1, unit: electron / s, datatype: float64, format: 10.4f, description: Flux of source based on the outer (smaller)
#     aperture}
# - {name: MagAp2, unit: mag(AB), datatype: float64, format: 7.3f, description: ABMAG of source based on the outer (larger) aperture}
# - {name: MagErrAp2, unit: mag(AB), datatype: float64, format: 7.3f, description: Error of MagAp2}
# - {name: MSkyAp2, unit: electron / (pix s), datatype: float64, format: 7.3f, description: Sky estimate from an annulus outside Aperture
#     2}
# - {name: StdevAp2, unit: electron / (pix s), datatype: float64, format: 7.3f, description: Standard deviation of sky estimate from annulus
#     outside Aperture 2}
# - {name: FluxAp2, unit: electron / s, datatype: float64, format: 10.4f, description: Flux of source based on the outer (larger) aperture}
# - {name: FluxErrAp2, unit: electron / s, datatype: float64, format: 10.4f, description: Flux of source based on the outer (larger) aperture}
# - {name: CI, unit: mag(AB), datatype: float64, format: 7.3f, description: Concentration Index}
# - {name: Flags, unit: '', datatype: int64, format: 5d, description: Numeric encoding for conditions on detected sources}
# meta: !!omap
# - h00: [' #==================================================================================================']
# - h01: [' # All refereed publications based on data obtained from the HAP must carry the following footnote: ']
# - h02: [' #                                                                                                  ']
# - h03: [' #     Based on observations made with the NASA/ESA Hubble Space Telescope                          ']
# - h04: [' #     and obtained from the Hubble Advanced Products collection generated                          ']
# - h05: [' #     by the Space Telescope Science Institute (STScI/NASA).                                       ']
# - h06: [' #                                                                                                  ']
# - h07: [' # One copy of each paper resulting from data obtained from the HAP should be sent to the STScI.    ']
# - h08: [' #==================================================================================================']
# - {WCSNAME: IDC_4bb1536cj-GSC240}
# - {WCSTYPE: undistorted a priori solution based on GSC240}
# - {Proposal ID: 13779}
[...]
# - h10.4: ['the selected aperture. For details, see Whitmore et al., 2016 AJ, 151, 134W.']
# - h10.5: [' ']
# - h11: ['The X and Y coordinates in this table are 0-indexed (i.e. the origin is (0,0)).']
# - h12: [RA and Dec values in this table are in sky coordinates (i.e. coordinates at the epoch of observation]
# - h12.1: [and an undistorted a priori solution based on GSC240).]
# - h13: [Magnitude values in this table are in the ABMAG system.]
# - h14: ['Column titles in this table ending with Ap1 refer to the inner photometric aperture ']
# - h14.1: ['(radius = 1.000000000000064 pixels, 0.05 arcsec.']
# - h15: ['Column titles in this table ending with Ap2 refer to the outer photometric aperture ']
# - h15.1: ['(radius = 3.000000000000192 pixels, 0.15 arcsec.']
# - h16: [CI = Concentration Index (CI) = MagAp1 - MagAp2.]
# - h17: ['Flag Value Identification:']
# - h17.1: ['    0 - Stellar Source (0.9 < CI < 1.23)']
# - h17.2: ['    1 - Extended Source (CI > 1.23)']
# - h17.3: ['    2 - Questionable Photometry (Single-Pixel Saturation)']
# - h17.4: ['    4 - Questionable Photometry (Multi-Pixel Saturation)']
# - h17.5: ['    8 - Faint Detection Limit']
# - h17.6: ['   16 - Hot pixels (CI < 0.9)']
# - h17.7: ['   32 - False Detection Swarm Around Saturated Source']
# - h17.8: ['   64 - False Detections Near Image Edge']
# - h17.9: ['  128 - Bleeding and Cosmic Rays']
# - h18: ['#=================================================================================================']
# schema: astropy-2.0
X-Center Y-Center RA DEC ID MagAp1 MagErrAp1 FluxAp1 FluxErrAp1 MagAp2 MagErrAp2 MSkyAp2 StdevAp2 FluxAp2 FluxErrAp2 CI Flags
[from data line 163]
1584.7343107953425 3552.206186343333 53.12788642243939 -27.852573336699262 164 20.791469308644338 0.0006738962425056727 190.1216072261931 0.11800887605127647 19.677808518246636 0.0007591691861294269 0.12117930821841583 0.0661544683780265 530.2684561284516 0.37078702428768934 1.1136607903977023 0
2441.757992139923 3572.452097334578 53.11442369194542 -27.852292915931827 165 23.9276595603852 0.002333939005322087 10.581698332574723 0.022747571595236098 23.293693605341694 0.004064758436155835 0.07313987686467252 0.01266088675531953 18.973251272732675 0.07103406389623707 0.6339659550435073 16
4611.790102842832 3577.48218981944 53.080335422442815 -27.85221916632518 166 24.70122898177759 0.004111561674720722 5.189524991729705 0.019652806545087245 24.246792694577138 0.008446356435412408 0.07589547946387998 0.010907464339877224 7.886823515137229 0.061356657043420124 0.45443628720045126 16
1861.2239943458271 3655.3092102670826 53.123542992542646 -27.851141742351086 167 23.36772680861167 0.0013245830643745305 17.72264250105472 0.021622098289455053 22.706120557461475 0.002248156451998998 0.06940609037371004 0.012024212019127681 32.596500498297246 0.06749749738218247 0.6616062511501966 16
1774.667647136611 3668.52423272759 53.12490264236754 -27.850958092310908 168 25.37677383680149 0.009486221688688744 2.7855417093537826 0.024338460143703573 24.774507647530598 0.017018648507876474 0.07303311239028798 0.013559833465393769 4.850830967985814 0.07603812030512366 0.6022661892708925 16
812.4568432867914 3681.0831303040477 53.14001745265009 -27.85078156416285 169 25.133704541838 0.006750501253476989 3.4844752471392173 0.02166524318276027 24.407594521786592 0.010802112645157996 0.06778648877164342 0.012047774532139356 6.801134941272536 0.06766751934286261 0.7261100200514079 16
2405.6386739977606 3730.2505297926054 53.114991041711846 -27.850101265021074 170 24.621902949450714 0.0038882180399471 5.582876498250878 0.019993958842494018 24.00667648752667 0.006889158428994273 0.06881878810794387 0.011100808807801434 9.838946645015824 0.062431668243470274 0.6152264619240455 16
3952.5233374328395 3735.286821720314 53.09069206519013 -27.850029502562393 171 24.809304040935984 0.004341939368782524 4.697833106251335 0.01878760846642955 24.03447585613801 0.006640652247320731 0.07465647962199498 0.01041607461405387 9.590226359894512 0.05865833861024961 0.7748281847979754 16
1553.3465354816817 3743.5871538001343 53.12837911118614 -27.84991521490222 172 25.89476705519609 0.013003074896765209 1.7286711274616107 0.020703730443270587 25.50283024146494 0.02829732153501799 0.07165719444129248 0.011503460846804528 2.480202288527907 0.06464316259589356 0.3919368137311494 16
2223.6848498312493 3744.2446929725675 53.11784922612497 -27.84990683524475 173 25.515707483154188 0.0106458865523571 2.4509599077478845 0.024033011994344294 25.202318989382057 0.024910761940694283 0.07368665905637545 0.013387909929144327 3.271083306817406 0.07505312475297728 0.3133884937721305 16
1570.80984648825 3756.5138681543112 53.128104767329354 -27.849735706977604 174 26.323864065213563 0.022353998881943313 1.1643232622261166 0.023972810999376624 25.716682193294467 0.03992208487237069 0.07096604997741765 0.013353142264562927 2.0367903240580527 0.07489446088631203 0.6071818719190958 16
2220.206390048575 3762.5493076174034 53.11790385581872 -27.849652602665667 175 26.144764774097524 0.016304746145693085 1.3731351700073877 0.020621369043652547 25.39326702608684 0.025475934288040115 0.06564835737757133 0.011456982308552379 2.743546908424794 0.06437728723881887 0.751497748010685 16
1482.9161259002299 3785.86809921549 53.129485365866756 -27.849327854124613 176 23.752182126991777 0.002111546149130861 12.437879634438453 0.024190068016442547 23.231502974870494 0.0040811283643078225 0.07440387583890204 0.013477181181053174 20.091761329874107 0.07552459892442873 0.5206791521212821 16
2510.749889249337 3825.4788916159623 53.11333991712543 -27.848778660535828 177 25.260287527517377 0.007643079149516426 3.101017302719313 0.021830451035003817 24.605492057171276 0.01305913868991814 0.0759449019160581 0.012141546616981703 5.667902588255851 0.06817530255225121 0.6547954703461016 16
3672.133018449476 3866.03564666041 53.095096831882074 -27.848214191571746 178 22.13913401056152 0.0009559844043563825 54.94973423007527 0.04838453435339415 21.061280818318068 0.0011090704253967128 0.09080224580687585 0.027096002636699416 148.28829548029944 0.15148030114183397 1.0778531922434524 0
3694.688408076336 3875.487851388467 53.094742552678355 -27.84808286429001 179 25.66726624638393 0.009538355635825562 2.1316343102827595 0.018727352065031493 25.090448999360333 0.017515841657435215 0.07422225883541009 0.010381078587581768 3.6260985297399997 0.05850066103084136 0.5768172470235982 16
2311.4967804037587 3892.7302506518745 53.11646978655374 -27.847844575442746 180 24.312473018856053 0.00287762951077913 7.42386375428065 0.019676825479710364 23.89551494871236 0.0061199244005195235 0.07023731963581417 0.010920895054528113 10.899666777961533 0.06143975008932375 0.4169580701436928 16
3176.547164798841 3894.1228049388546 53.102881564779636 -27.847824889504412 181 22.986394023505923 0.0011629215247198706 25.18034006741477 0.02697131755011774 21.954134477452804 0.001405742588026407 0.08284379858919916 0.015044611504189807 65.15764955083608 0.08436481800618031 1.032259546053119 0
1495.0130861141843 3912.2026731198475 53.129295083435245 -27.847573229696692 182 25.991136478615296 0.01403449118039458 1.581847487472915 0.020448028563754213 25.34506929764153 0.02416457889435927 0.07049245197249918 0.011358712834194222 2.8680814554243597 0.0638352957585435 0.6460671809737661 16
2955.3963161836455 3916.7306763472293 53.106355424573465 -27.84751110614519 183 25.990210009426285 0.012293878791912904 1.583197869275631 0.01792727522196682 24.997340065747338 0.015380093700962032 0.0695074684407613 0.00992709263455423 3.9507829802205294 0.05596703732887332 0.9928699436789472 0
2291.1266301319256 3943.5516190599924 53.11678973776358 -27.847138715266723 184 25.410177683661068 0.008363429489107474 2.7011464234649645 0.020807633464496697 24.64836867595693 0.012946075436779583 0.07453067437984023 0.011562351282627073 5.44843444774971 0.06496807900240974 0.7618090077041373 16
2528.5270315954435 3949.217269263413 53.1130606732733 -27.847060072150768 185 21.580003019953303 0.0007719815097423299 91.96402958860266 0.06539055945822765 20.525176148640043 0.0009163849514090272 0.09896435686265037 0.03664121791068589 242.96781103578078 0.205076951008549 1.05482687131326 0
1934.5434373760859 3959.1434132418517 53.12239089670035 -27.846921904451133 186 25.32627617351701 0.022289058241901687 2.9181575199059298 0.059908798858088454 23.649373966811076 0.014868725718366472 0.13064915964315676 0.0335786647869541 13.67318260265713 0.18725504450220967 1.6769022067059325 1
2539.052451242232 4006.3422357117784 53.11289534323565 -27.846266669676044 187 24.37869055874502 0.0027650318073556804 6.984623116652244 0.017788251892728396 23.699324164135696 0.004615860350284593 0.07220141293138874 0.009848376179359169 13.058386986795213 0.055517814065598525 0.6793663946093247 16
4479.012308351067 4014.5200394829144 53.08242290508768 -27.84614967610559 188 23.304145128670854 0.0011151204588314724 18.79148704951232 0.01930070153889458 22.880822807280133 0.002357307510417638 0.07333740365688304 0.010707625420762897 27.751731023567757 0.060255470174952974 0.4233223213907209 16
2315.484117978476 4031.2474760213972 53.116407096415244 -27.845920726789284 189 24.59808845824994 0.004055579457664154 5.7066839006868175 0.02131703969697725 24.094466246468457 0.00796441030429723 0.0700422235292523 0.011850775490972656 9.074708886017142 0.06656968311715258 0.503622211781483 16
1019.1119410196374 4055.6201037406568 53.13677009258906 -27.84558025243638 190 24.618569310023027 0.003932033552984725 5.60004447921918 0.02028144311549847 24.07661581647617 0.007453360591683132 0.07285041466661513 0.011263848851232584 9.225138049795397 0.06333082839935672 0.5419534935468562 16
4646.972538728908 4092.242134591986 53.07978495817395 -27.845069592554108 191 25.812431905483784 0.009837130398395599 1.864860878380688 0.016896821990879045 25.146211044788757 0.016619961857776717 0.07305112093382951 0.009340912509165017 3.444568157722364 0.05272965957249507 0.6662208606950273 16
988.3454271730952 4117.200663989419 53.1372531734234 -27.844724884113948 192 26.165317883874373 0.019956691292677194 1.347386050950519 0.02476684855013257 24.5028661244018 0.013525612794973406 0.08074615585538092 0.013796162294471071 6.22978058200092 0.07761038956414158 1.6624517594725745 1
3683.956516789333 4127.365639435632 53.094911719924326 -27.844584584626794 193 25.01478782938274 0.005097289218525839 3.8878013723278095 0.018252968609133745 24.46789172793997 0.009610309588476303 0.07451373155570593 0.01011318089757734 6.433725231291293 0.05694951761987715 0.5468961014427691 16
3389.6714370459567 4178.691268517926 53.099534304647726 -27.843872261040435 194 25.764052992643215 0.011161281348613855 1.9498356357801794 0.020044822800493647 25.146570447845313 0.019729520115666876 0.06821526718788407 0.011130061726055287 3.443428117037865 0.06257454573266232 0.6174825447979018 16
2231.737669800515 4220.356288834912 53.11772245378757 -27.84329417922446 195 26.25705547756874 0.02555457411685158 1.2382177045753255 0.02914444699674679 25.847004250011366 0.054719920897626145 0.08054643736718453 0.016273581885744594 1.8064148736010703 0.09104437597102874 0.4100512275573749 16
1946.5822074584214 4256.207828320641 53.122201450362645 -27.842796022858195 196 24.778692421799036 0.004573826975255245 4.832170300593515 0.020356922602820175 24.32116503599709 0.009372264214822252 0.06987910108365553 0.01130644037799451 7.364668212003959 0.06357521998471372 0.45752738580194574 16
2143.5541488929616 4269.8601652168 53.11910754612818 -27.842606573410556 197 25.37535923453595 0.015952648184988906 2.7891733481441388 0.0409825008288579 23.83243505202269 0.012038158472046407 0.08824727237224578 0.022939666389178583 11.551680796106194 0.12808415219860142 1.5429241825132607 1
4093.659953476213 4287.160814290334 53.08847679310753 -27.842364210310294 198 23.59300835212329 0.0019193643247278488 14.40176962813105 0.02546029551182075 22.57145507987996 0.0023401188446047798 0.08016807616678709 0.014193964501478274 36.9009178389213 0.07953627449394161 1.021553272243331 0
1549.8863611987715 4297.077783407745 53.128432384049674 -27.842227840374722 199 25.554224044306395 0.011048019500258492 2.3655361143597715 0.024071556709968182 24.68107075263614 0.015433770617088864 0.07273846526267164 0.013410182990933958 5.286775873770395 0.07515417347308817 0.8731532916702562 0
2127.0683240112703 4349.625100487289 53.11936643012287 -27.841498716026557 200 22.328574082518607 0.0008272854218225856 46.15189814377252 0.0351669821532503 21.247827361984235 0.0009592779075842873 0.09042944980098266 0.019655808027955548 124.87866740933715 0.11033742910043572 1.0807467205343713 0
2813.6445020329547 4375.597160893846 53.1085823285533 -27.841138053474385 201 25.871915077841578 0.011797244439214774 1.7654408417388308 0.019183326105706982 25.38718970645752 0.023564222132085016 0.07540997001184088 0.010641181798931811 2.758946747376446 0.05988066132980751 0.4847253713840587 16
1082.7983159627488 4489.255706658856 53.135768472904616 -27.83955770365642 202 23.690423418640272 0.0022080707363862765 13.165878199662288 0.026776448716496575 22.538777731559478 0.0023888762088912496 0.08298398206287602 0.014936622855689176 38.02840477113591 0.0836742667586378 1.1516456870807943 0
2699.493255298031 4502.073555914095 53.110375352732696 -27.83938148530335 203 24.347690639321954 0.0027175238659695334 7.186922219885975 0.017988977300733972 23.83499902755304 0.005292139143737168 0.07393892268682348 0.00996181627393332 11.524433585938677 0.05617473159210221 0.5126916117689149 16
1640.1962216486024 4634.029725243501 53.127013272522824 -27.837548101984382 204 26.078932790416957 0.02406513065217881 1.4589690677237699 0.03233884243553471 24.434989457367173 0.016535838726979096 0.09077219774021583 0.018074964821957674 6.631677794985761 0.10100428710248952 1.6439433330497835 1
