data/benchmark/benchmark2015_acs_f606w_hap/hst_137/3-PRODUCT/hst_13779_1d_acs_wfc_f606w_jcoi1d_point-cat.ecsv
# %ECSV 1.0
# ---
# datatype:
# - {name: X-Center, unit: pix, datatype: float64, format: 10.3f, description: Pixel Coordinate}
# - {name: Y-Center, unit: pix, datatype: float64, format: 10.3f, description: Pixel Coordinate}
# - {name: RA, unit: deg, datatype: float64, format: 13.7f, description: Sky coordinate at epoch of observation}
# - {name: DEC, unit: deg, datatype: float64, format: 13.7f, description: Sky coordinate at epoch of observation}
# - {name: ID, unit: '', datatype: int64, format: 7d, description: Catalog Object Identification Number}
# - {name: MagAp1, unit: mag(AB), datatype: float64, format: 7.3f, description: ABMAG of source based on the inner (smaller) aperture}
# - {name: MagErrAp1, unit: mag(AB), datatype: float64, format: 7.3f, description: Error of MagAp1}
# - {name: FluxAp1, unit: electron / s, datatype: float64, format: 10.4f, description: Flux of source based on the outer (smaller) aperture}
# - {name: FluxErrAp1, unit: electron / s, datatype: float64, format: 10.4f, description: Flux of source based on the outer (smaller)
#     aperture}
# - {name: MagAp2, unit: mag(AB), datatype: float64, format: 7.3f, description: ABMAG of source based on the outer (larger) aperture}
# - {name: MagErrAp2, unit: mag(AB), datatype: float64, format: 7.3f, description: Error of MagAp2}
# - {name: MSkyAp2, unit: electron / (pix s), datatype: float64, format: 7.3f, description: Sky estimate from an annulus outside Aperture
#     2}
# - {name: StdevAp2, unit: electron / (pix s), datatype: float64, format: 7.3f, description: Standard deviation of sky estimate from annulus
#     outside Aperture 2}
# - {name: FluxAp2, unit: electron / s, datatype: float64, format: 10.4f, description: Flux of source based on the outer (larger) aperture}
# - {name: FluxErrAp2, unit: electron / s, datatype: float64, format: 10.4f, description: Flux of source based on the outer (larger) aperture}
# - {name: CI, unit: mag(AB), datatype: float64, format: 7.3f, description: Concentration Index}
# - {name: Flags, unit: '', datatype: int64, format: 5d, description: Numeric encoding for conditions on detected sources}
# meta: !!omap
# - h00: [' #==================================================================================================']
# - h01: [' # All refereed publications based on data obtained from the HAP must carry the following footnote: ']
# - h02: [' #                                                                                                  ']
# - h03: [' #     Based on observations made with the NASA/ESA Hubble Space Telescope                          ']
# - h04: [' #     and obtained from the Hubble Advanced Products collection generated                          ']
# - h05: [' #     by the Space Telescope Science Institute (STScI/NASA).                                       ']
# - h06: [' #                                                                                                  ']
# - h07: [' # One copy of each paper resulting from data obtained from the HAP should be sent to the STScI.    ']
# - h08: [' #==================================================================================================']
# - {WCSNAME: IDC_4bb1536cj-GSC240}
# - {WCSTYPE: undistorted a priori solution based on GSC240}
# - {Proposal ID: 13779}
[...]
# - h10.4: ['the selected aperture. For details, see Whitmore et al., 2016 AJ, 151, 134W.']
# - h10.5: [' ']
# - h11: ['The X and Y coordinates in this table are 0-indexed (i.e. the origin is (0,0)).']
# - h12: [RA and Dec values in this table are in sky coordinates (i.e. coordinates at the epoch of observation]
# - h12.1: [and an undistorted a priori solution based on GSC240).]
# - h13: [Magnitude values in this table are in the ABMAG system.]
# - h14: ['Column titles in this table ending with Ap1 refer to the inner photometric aperture ']
# - h14.1: ['(radius = 1.000000000000064 pixels, 0.05 arcsec.']
# - h15: ['Column titles in this table ending with Ap2 refer to the outer photometric aperture ']
# - h15.1: ['(radius = 3.000000000000192 pixels, 0.15 arcsec.']
# - h16: [CI = Concentration Index (CI) = MagAp1 - MagAp2.]
# - h17: ['Flag Value Identification:']
# - h17.1: ['    0 - Stellar Source (0.9 < CI < 1.23)']
# - h17.2: ['    1 - Extended Source (CI > 1.23)']
# - h17.3: ['    2 - Questionable Photometry (Single-Pixel Saturation)']
# - h17.4: ['    4 - Questionable Photometry (Multi-Pixel Saturation)']
# - h17.5: ['    8 - Faint Detection Limit']
# - h17.6: ['   16 - Hot pixels (CI < 0.9)']
# - h17.7: ['   32 - False Detection Swarm Around Saturated Source']
# - h17.8: ['   64 - False Detections Near Image Edge']
# - h17.9: ['  128 - Bleeding and Cosmic Rays']
# - h18: ['#=================================================================================================']
# schema: astropy-2.0
X-Center Y-Center RA DEC ID MagAp1 MagErrAp1 FluxAp1 FluxErrAp1 MagAp2 MagErrAp2 MSkyAp2 StdevAp2 FluxAp2 FluxErrAp2 CI Flags
[from data line 109]
829.453002147886 2697.5183764506364 53.13975381688023 -27.86444223522791 110 24.3468891827374 0.004558564378270729 7.192229340125822 0.03019825041010515 23.74506415104713 0.008182093940687016 0.07419825747250691 0.016867508910444667 12.519688980017968 0.09435135980721288 0.601825031690268 16
4321.134161839437 2715.527079855483 53.08489810735825 -27.8641917698548 111 25.72626412148523 0.013389192151545192 2.0188941605609596 0.024897634566992004 25.083807815263015 0.023139258041404372 0.07103653155496095 0.013876594089192732 3.6483464650935082 0.07775631415699012 0.6424563062222148 16
525.6462730853568 2758.3776324320293 53.14452650273124 -27.863595971672407 112 24.840720828492678 0.005627587298384528 4.563844819800224 0.0236561067879762 24.402063798567895 0.011744029538499352 0.07317419282414697 0.013173093048897985 6.835868206369118 0.07394366596379064 0.4386570299247836 16
4361.006977160815 2758.236600794045 53.08427184859896 -27.8635984528893 113 24.846642831290985 0.005539140840694157 4.539019703304561 0.023157658114847348 23.69160993083041 0.005969949143873086 0.07458363557329764 0.012892893622801212 13.151498148317879 0.07231627071124508 1.1550329004605757 0
1651.349073023357 2767.7821847235177 53.12684136282334 -27.86346822077781 114 25.23828261099139 0.008617838906296903 3.164507695117987 0.025118557183626898 24.444662254275677 0.012961220965387694 0.07159184114015393 0.01400091033901583 6.572858739846989 0.07846760108817953 0.7936203567157136 16
3841.3842868857337 2784.3126759544534 53.092435343839554 -27.863237747720532 115 24.797235116546766 0.00492529742115287 4.750345020652586 0.021550024942255278 24.14791731392411 0.008462366396038725 0.07172499048627085 0.011981857206932208 8.638777230125092 0.06733397636094231 0.6493178026226545 16
3653.5452155363278 2788.52444460294 53.0953863510765 -27.86317966135504 116 25.895657315127266 0.012701736412043639 1.7272542677683298 0.02020735785739225 25.398664222736365 0.02508805921801772 0.07315865219855794 0.011222244153414837 2.72994257335244 0.06308276774620401 0.49699309239090184 16
4200.521937243577 2847.873714207065 53.08679341917022 -27.862353996108094 117 25.64065380726661 0.0104609047224993 2.184528311662953 0.021048302967586262 24.554677222054046 0.012013332815584872 0.0788271266954344 0.011698736232599049 5.9394784598891786 0.06572067006506968 1.0859765852125634 0
1317.395321726124 2858.000152999313 53.132087650559605 -27.862214578030432 118 25.06278855019037 0.007996564466863152 3.719664590050383 0.027396645196137038 24.385607665588722 0.013389468796454652 0.0684991970504682 0.015287234296479553 6.940266291479726 0.08559130418057827 0.6771808846016469 16
4595.524430575751 2864.8923275297384 53.080587956286756 -27.86211630613842 119 25.291255666210205 0.006856479963423416 3.0138173867181837 0.01903304644510486 24.402633591094734 0.009443242118132028 0.0724158960917633 0.010555468264020776 6.832281695457478 0.05942607559131118 0.888622075115471 0
3719.6803890034435 2893.762001237961 53.094347606152255 -27.861717891372987 120 26.016086852914896 0.018174913782168508 1.5459108999055904 0.025878969623928 25.51830893976004 0.03588389121941196 0.07211906868381565 0.014431220919624874 2.4450943638992637 0.08081376086889422 0.49777791315485587 16
3952.293692824398 2914.867604261486 53.09069330661136 -27.86142421316059 121 25.004377540912486 0.00581429450578607 3.9252577895627065 0.021021096803581486 24.298084553114137 0.009472484113283764 0.07485236107997928 0.011683320319237854 7.522901564936987 0.06563559506278269 0.7062929877983493 16
1746.2350474627583 2921.739365778777 53.125350437959185 -27.86133006532231 122 25.223014055592046 0.022619021265653058 3.209324106193102 0.06686172073902069 23.48131368157845 0.014214924087111119 0.13012322464893605 0.03748448159592318 15.962236012133445 0.208991409388439 1.7417003740135968 1
2328.0612215271854 2926.6960379879038 53.11620996508309 -27.86126172248912 123 24.994598585167786 0.017484891159507875 3.960771300032831 0.06378710056993327 23.36318886212075 0.012161538895708592 0.11899404074113396 0.03575807759642175 17.796871129005005 0.19935280506337627 1.6314097230470352 1
1790.8094359957993 2928.6952910285913 53.124650165517686 -27.861233514855048 124 25.29991364424535 0.009508855528248343 2.9898798945732983 0.026186180311607143 24.64475285866645 0.016238694351368602 0.07070567221459695 0.014604975515821373 5.466609566264998 0.08176347230804547 0.6551607855789001 16
2762.864379058658 2944.596518929581 53.10937923407526 -27.86101308488862 125 24.531497784341305 0.004492851695192404 6.067643926643197 0.02510916855636251 23.72223663387838 0.0066614798576791895 0.07121222014057224 0.013995348318159444 12.78570108553784 0.07844864165756402 0.8092611504629232 16
1079.16978601661 2957.594234347589 53.13582990751988 -27.860830766690516 126 24.537888064962175 0.004164486552138328 6.032036690271203 0.023137455723164235 24.16473290856633 0.009222322739479575 0.06917327901812545 0.012881465670869782 8.50601290069196 0.07225310509013362 0.3731551563958462 16
1663.7492805515371 2984.1821767642446 53.126646179101265 -27.860462684469276 127 25.103027205151108 0.008208655431813743 3.584332733620346 0.027100075861895966 24.368907927626147 0.013035428545575557 0.07474793367466684 0.015120947356643405 7.047839890674007 0.08461970461042467 0.734119277524961 16
4283.080127234864 3009.026723883184 53.08549699268488 -27.860115507131617 128 23.79075043129781 0.00198523677577765 12.003807658926322 0.021949341819896797 23.0861185576057 0.0032394448110044695 0.07358095726258926 0.01220908437349646 22.970570283998057 0.06853817326361883 0.704631873692108 16
4532.585320630134 3064.143569964885 53.08157754209075 -27.859349157207618 129 25.309893874807415 0.007439898367637996 2.9625224530170815 0.020301064716121114 24.502883210758526 0.011049345588055946 0.07355320179687744 0.011274768788485092 6.229682543991949 0.06340049307584653 0.8070106640488888 16
4008.9543273831805 3067.720768735837 53.08980362742999 -27.859301105444175 130 25.42296775553754 0.018112391066982335 2.6695133573610526 0.04453465035189864 23.875602465236966 0.01360713693856955 0.11146400312006269 0.02493898927937664 11.10141183957586 0.13913459621678734 1.5473652903005757 1
3233.264666052881 3073.4863674653648 53.101989467078425 -27.859222547827404 131 25.301478559559534 0.008728334239821974 2.985573564468698 0.024002103682655866 24.85980469945182 0.018147706950074907 0.07342576563561737 0.013370435894123574 4.4843274810644 0.07495648981719104 0.4416738601077128 16
2908.5727888354186 3090.4004261803047 53.10709028031119 -27.858987948754596 132 25.64964694981431 0.011314889277713644 2.1665086161622615 0.02257880179707893 25.15020777433709 0.022293540842235494 0.07000251809254238 0.01256628281534098 3.431911584873239 0.0704701677114421 0.49943917547722094 16
1332.9401589488284 3094.3241971311677 53.1318428749311 -27.85893233290552 133 26.09588579709525 0.01753319528103498 1.4363652233825694 0.02319616096200978 25.439780269000124 0.029908400121569784 0.06849853999006586 0.012915367544136535 2.6284946226525574 0.07240864777718271 0.6561055280951251 16
1527.6868052304237 3094.6922463206847 53.12878347836917 -27.85892759869956 134 23.468533590709626 0.002325805216224809 16.151236042962637 0.03459945568499645 22.352221485342582 0.0025992777351373673 0.07729378432240272 0.019347388925876514 45.15757442242888 0.10811188889106386 1.1163121053670437 0
3403.8433747857785 3111.423240860126 53.099309800619835 -27.85869540438793 135 25.435621958565292 0.00859189477298698 2.6385809163149694 0.02088091515426893 24.84061022112229 0.015514385698424771 0.07134578389854268 0.011603245881697056 4.564309776744246 0.06522286296721129 0.5950117374430022 16
1153.8203199674595 3113.863660666142 53.13465672571967 -27.85866054461766 136 24.598274772869303 0.005429326802688139 5.7057047057291514 0.02853286864422872 23.445241666664415 0.0058628537549962915 0.07432565303379987 0.015929194302905274 16.5014661864804 0.08910903840319696 1.1530331062048873 0
4684.8232527142945 3116.5456602663153 53.079186161743884 -27.858620784639793 137 24.451204741284158 0.0033896545457924787 6.533370751724106 0.020397780112304722 23.999485161422967 0.006983963523074307 0.0737914181218065 0.011329396934789192 9.904330771740787 0.06371141644128217 0.4517195798611908 16
2980.9243436816764 3121.826922175379 53.10595369338619 -27.85855141495049 138 25.661483000516085 0.011361990588357478 2.143018895197918 0.022426969252934494 24.874285246330665 0.017178558697615736 0.07308911499330553 0.012479906193693375 4.424916725709373 0.07001353201129233 0.7871977541854207 16
3509.581194994784 3124.6672896132086 53.09764872962684 -27.858511282997956 139 23.260769399003465 0.001871818233075026 19.55741452614931 0.033718269413146026 22.26859990814158 0.0023440441372226607 0.08484970167026681 0.01885245702790587 48.77297390048101 0.10530165195388813 0.9921694908618832 0
1047.8782794939646 3161.300626965125 53.136320890074806 -27.85800143041441 140 25.307390693185077 0.008318267181360054 2.9693604739315376 0.022750238353074 24.610312119351654 0.013668886029236067 0.07371840905715987 0.01266239569685555 5.642796038016735 0.07104240207228109 0.6970785738334229 16
2263.513084999219 3172.3315792190983 53.1172238868813 -27.85785009207303 141 25.279016275349413 0.008231008761147436 3.047984052215041 0.023107657214349882 24.611824858087168 0.013908745267366716 0.07250286535970096 0.012863903322596659 5.634939495812347 0.07218839278279245 0.6671914172622451 16
922.4122813631703 3178.344942970714 53.13829184133188 -27.85776436119078 142 24.728023235422967 0.0058094762259367615 5.063023070327324 0.027091749247891622 24.163384488367548 0.010789700082569527 0.07184525105551756 0.015115152607764717 8.516583428632002 0.08463791187539925 0.5646387470554188 16
4134.923788682107 3217.77886528742 53.08782517641457 -27.857216617537336 143 25.044518319413775 0.005923815229058215 3.782786868064993 0.020639707522635012 24.339219725797435 0.00965823667494838 0.07254301270051877 0.0114673776954588 7.243213893024993 0.06443462656913478 0.705298593616341 16
4461.755806834416 3223.707185715308 53.08269087475244 -27.857133245471093 144 24.65442044172414 0.0042639417418060795 5.418149995047916 0.021279060446947787 24.051070665470824 0.00763574190883819 0.07402008835036875 0.011829901032182297 9.444760167764693 0.06642511838622683 0.6033497762533173 16
2431.2808055180285 3238.451254510894 53.11458833405636 -27.85693181476002 145 24.950053753247758 0.006533865701447712 4.126650600872578 0.024834651213871167 24.06546405130912 0.009033462990593814 0.07512420101636122 0.013841253894375438 9.32037915610735 0.07754932316938173 0.8845897019386371 0
1827.285984614198 3243.8559727385023 53.12407668115059 -27.856856329469295 146 25.685103087710353 0.011696550415522977 2.0969011863125604 0.02259050422959823 25.26420514421801 0.02479037105508843 0.07170872535709649 0.012571779153169618 3.0898481938508553 0.0705521628713802 0.4208979434923421 16
931.906575782221 3258.1290501786893 53.13814243612802 -27.85665627563445 147 25.430051601066282 0.011096274202271052 2.6521529120179173 0.027106029232847436 24.70694769436826 0.017798395759004625 0.07650437112897635 0.015124577064253937 5.162262953796446 0.08462742844590342 0.7231039066980216 16
1432.1106505685395 3262.9005115541468 53.130284575023474 -27.85659119607963 148 23.54493801341568 0.001792178390725178 15.05372558901994 0.02484937063696066 22.57828164466207 0.002297412137624986 0.07457414005889373 0.013849571640111046 36.66963124158504 0.0775953356329095 0.9666563687536112 0
1879.0986824624813 3271.229550682648 53.12326270359216 -27.856476202366892 149 26.401880935233926 0.02481434066233477 1.083594585750899 0.02476622012589512 25.514414672223907 0.03422089332984063 0.07074016213111911 0.013802334493258255 2.4538800599655883 0.07734546170793526 0.887466263010019 0
2106.457776421171 3271.4553392233856 53.11969105914663 -27.856473279644582 150 25.32537324089853 0.009084950899874746 2.920585361526958 0.024438956072916407 24.760497186307695 0.016863237063956708 0.07233405934564083 0.013617380162512347 4.913832245994023 0.07632229718772407 0.5648760545908331 16
1505.6635016820178 3304.736518610487 53.12912902721084 -27.856010278014796 151 24.704684203373986 0.0043074343257233595 5.173036218989868 0.020523638001185535 24.237215561185934 0.008750719757902143 0.07139847206944788 0.011400109332133755 7.956699859057187 0.06413083785976688 0.4674686421880523 16
2859.4198722136503 3304.603746184445 53.10786260084263 -27.856012934585728 152 25.610063943134833 0.011258310496936144 2.246951111270597 0.023300058286930176 24.982500003022928 0.019716250498215127 0.07621890930710612 0.012974138570806952 4.005153812868394 0.07273336636123669 0.6275639401119051 16
1409.6458086544708 3316.762684155871 53.13063736114277 -27.85584306647995 153 25.473653614981366 0.009745219825653876 2.5477555392234748 0.02286859886871151 24.877332486571007 0.017592258396728167 0.07279655699368934 0.012727225970330009 4.41251511281102 0.0714986700230631 0.5963211284103593 16
1794.4926231838313 3333.853921871788 53.12459171112807 -27.855606316651382 154 23.986309805920882 0.0024766779467288256 10.025251538971029 0.0228694108842026 23.40284627774531 0.004518168052592339 0.07280307536830707 0.012730054220941046 17.158554140445435 0.0714057577102667 0.5834635281755709 16
3525.663944119047 3394.339972459177 53.09739662279391 -27.85476580077564 155 24.99119723181606 0.006249824149998816 3.9731989108928567 0.022871690619920018 24.496569962845655 0.012375179917804123 0.07158687868419361 0.012731114386975276 6.266011900169971 0.07142214666271075 0.49462726897040454 16
3603.5557736749797 3433.1163454316866 53.096173103378206 -27.854227095300974 156 25.44912657156692 0.008726986396960476 2.6059649599623205 0.020947057894949637 24.827511542589242 0.015370926126748612 0.07276321161830793 0.011641365445257396 4.619708613463579 0.06540407094469275 0.6216150289776792 16
993.5631048424302 3455.772466484796 53.13717324860077 -27.853911399366883 157 25.8311816515819 0.014730830764187974 1.832932787080115 0.024869321809531695 25.014675325058995 0.021689951442614517 0.07174672237406038 0.013860343821925943 3.8882042483897443 0.07767796016076359 0.8165063265229051 16
3068.7802585933337 3485.379571399671 53.104573916869 -27.85350199388849 158 25.2307405671488 0.006799882833089925 3.1865664081427747 0.019957887275703304 24.245005210307312 0.008562481619730075 0.07383181975812328 0.011080749309191 7.899818553837431 0.062302709004730235 0.9857353568414879 0
759.4941815608992 3512.6610510540286 53.140850010111116 -27.85312059591952 159 25.940286661157458 0.014979954184313388 1.6576946506589885 0.02287205482034911 25.467712631195496 0.030278144819022235 0.07347403016082199 0.012730856350190715 2.5617346819866422 0.07144199473989446 0.47257402996196163 16
1279.7343266279897 3522.4888657851184 53.13267764935452 -27.852985487060486 160 24.021275013488257 0.0033985475293584967 9.70754014191687 0.03038734140688957 22.974312438966777 0.0040703109197935275 0.07934875318817064 0.01696133076790867 25.462100318610915 0.09545792112712559 1.04696257452148 0
1286.054984206536 3526.4617744530296 53.1325783498083 -27.852930321689357 161 24.045306647237325 0.003934721506661628 9.4950343799684 0.03441127013111653 22.984319273594103 0.004651610530505763 0.08071404322981834 0.019227374770253425 25.22850356772143 0.1080898709261446 1.060987373643222 0
1474.1720489068152 3544.4111333143746 53.12962322808867 -27.852681406505845 162 22.758546995508524 0.0008095954673253747 31.059924969122257 0.023161070710571618 22.20414206116716 0.0015172165004452153 0.07253779549749231 0.012894824021019116 51.756199235479336 0.07232694066537651 0.5544049343413633 16
