data/benchmark/benchmark2015_acs_f606w_hap/hst_137/3-PRODUCT/hst_13779_1d_acs_wfc_f606w_jcoi1d_segment-cat.ecsv
# %ECSV 1.0
# ---
# datatype:
# - {name: X-Centroid, unit: pix, datatype: float64, format: 10.3f, description: Pixel Coordinate}
# - {name: Y-Centroid, unit: pix, datatype: float64, format: 10.3f, description: Pixel Coordinate}
# - {name: RA, unit: deg, datatype: float64, format: 13.7f, description: Sky coordinate at epoch of observation}
# - {name: DEC, unit: deg, datatype: float64, format: 13.7f, description: Sky coordinate at epoch of observation}
# - {name: ID, unit: '', datatype: int64, format: 7d, description: Catalog Object Identification Number}
# - {name: CI, unit: mag(AB), datatype: float64, format: 7.3f, description: Concentration Index}
# - {name: Flags, unit: '', datatype: int64, format: 5d, description: Numeric encoding for conditions on detected sources}
# - {name: MagAp1, unit: mag(AB), datatype: float64, format: 7.3f, description: ABMAG of source based on the inner (smaller) aperture}
# - {name: MagErrAp1, unit: mag(AB), datatype: float64, format: 7.3f, description: Error of MagAp1}
# - {name: FluxAp1, unit: electron / s, datatype: float64, format: 10.4f, description: Flux of source based on the inner (smaller) aperture}
# - {name: FluxErrAp1, unit: electron / s, datatype: float64, format: 10.4f, description: Error of FluxAp1}
# - {name: MagAp2, unit: mag(AB), datatype: float64, format: 7.3f, description: ABMAG of source based on the outer (larger) aperture}
# - {name: MagErrAp2, unit: mag(AB), datatype: float64, format: 7.3f, description: Error of MagAp2}
# - {name: FluxAp2, unit: electron / s, datatype: float64, format: 10.4f, description: Flux of source based on the outer (larger) aperture}
# - {name: FluxErrAp2, unit: electron / s, datatype: float64, format: 10.4f, description: Error of FluxAp2}
# - {name: MSkyAp2, unit: electron / (pix s), datatype: float64, format: 7.3f, description: Sky estimate from an annulus outside Aperture
#     2}
# - {name: Bck, unit: electron / s, datatype: float32, format: 10.4f, description: Background at the position of the source centroid}
# - {name: Area, unit: pix2, datatype: float64, format: 8.3f, description: Total unmasked area of the source segment}
# - {name: FWHM, unit: pix, datatype: float64, format: 8.3f, description: Circularized FWHM of 2D Gaussian function having the same second-order
#     central moments as the source}
# - {name: MagSegment, unit: mag(AB), datatype: float64, format: 7.3f, description: Magnitude corresponding to FluxSegment}
# - {name: FluxSegment, unit: electron / s, datatype: float64, format: 10.4f, description: Sum of unmasked data values in the source segment}
# - {name: FluxSegmentErr, unit: electron / s, datatype: float32, format: 10.4f, description: 'Uncertainty of FluxSegment, propagated
#     from the input error array'}
# - {name: KronRadius, unit: pix, datatype: float64, format: 8.4f, description: The unscaled first-moment Kron radius}
# - {name: Xmin, unit: pix, datatype: int64, format: 8.0f, description: Minimum X pixel within the minimal bounding box containing the
#     source segment}
# - {name: Ymin, unit: pix, datatype: int64, format: 8.0f, description: Minimum Y pixel within the minimal bounding box containing the
#     source segment}
# - {name: Xmax, unit: pix, datatype: int64, format: 8.0f, description: Maximum X pixel within the minimal bounding box containing the
[...]
# - h12: [RA and Dec values in this table are in sky coordinates (i.e. coordinates at the epoch of observation]
# - h12.1: [and an undistorted a priori solution based on GSC240).]
# - h13: [Magnitude values in this table are in the ABMAG system.]
# - h14: ['Column titles in this table ending with Ap1 refer to the inner photometric aperture ']
# - h14.1: ['(radius = 1.000000000000064 pixels, 0.05 arcsec.']
# - h15: ['Column titles in this table ending with Ap2 refer to the outer photometric aperture ']
# - h15.1: ['(radius = 3.000000000000192 pixels, 0.15 arcsec.']
# - h16: [CI = Concentration Index (CI) = MagAp1 - MagAp2.]
# - h17: ['Flag Value Identification:']
# - h17.1: ['    0 - Stellar Source (0.9 < CI < 1.23)']
# - h17.2: ['    1 - Extended Source (CI > 1.23)']
# - h17.3: ['    2 - Questionable Photometry (Single-Pixel Saturation)']
# - h17.4: ['    4 - Questionable Photometry (Multi-Pixel Saturation)']
# - h17.5: ['    8 - Faint Detection Limit']
# - h17.6: ['   16 - Hot pixels (CI < 0.9)']
# - h17.7: ['   32 - False Detection Swarm Around Saturated Source']
# - h17.8: ['   64 - False Detections Near Image Edge']
# - h17.9: ['  128 - Bleeding and Cosmic Rays']
# - h18: ['#=================================================================================================']
# schema: astropy-2.0
X-Centroid Y-Centroid RA DEC ID CI Flags MagAp1 MagErrAp1 FluxAp1 FluxErrAp1 MagAp2 MagErrAp2 FluxAp2 FluxErrAp2 MSkyAp2 Bck Area FWHM MagSegment FluxSegment FluxSegmentErr KronRadius Xmin Ymin Xmax Ymax X2 Y2 XY CXX CYY CXY Elongation Ellipticity Theta
[from data line 346]
3564.998388008287 2223.7585616936285 53.09677271717566 -27.871020900857065 347 0.752631546028887 16 26.180815286250045 0.020709162569370537 1.3282905593948118 0.025336451260815407 25.428183740221158 0.032332477689886785 2.656719505833194 0.07911791853241115 0.07304901581536344 0.066483736 7.0 1.5887240202687474 25.55924143853116 2.3546297401189804 1.5427196 3.5 3564 2223 3566 2225 0.5355639273360555 0.3747925176472063 0.03159027898964894 1.8765202199867599 2.6814743929536906 -0.31633394205003545 1.2117651101262608 0.1747575568537335 10.727011120415076
1811.4379494815298 2233.5663932337984 53.12432354645941 -27.87088520404245 348 0.9505724293379174 0 25.215482034363255 0.009477988110203702 3.2316653870789986 0.028211924210087124 24.264909605025338 0.012327976832641481 7.756313573158601 0.08807189282177572 0.07227604890160688 0.066483736 16.0 2.4787256279504386 24.236575710608513 7.961390316486359 2.8318443 3.5 1810 2231 1813 2236 0.7812386196106846 1.4347700835102455 0.5960539520796277 1.8740038077614583 1.0204033139155384 -1.557054177064616 2.0431545738949506 0.5105607706940849 59.36610756577783
2101.927532036623 2234.302297242985 53.11975956121291 -27.87087527484979 349 0.5695323656472908 16 25.75665756582829 0.012454081188558837 1.9631621587448271 0.022519462937565172 25.187125200181 0.023009780572439218 3.3171806274349955 0.07030266036329141 0.0741736585558471 0.066483736 9.0 1.7277531462020779 25.278074584950126 3.0506288036704063 1.755912 3.5 2101 2233 2103 2236 0.39393862940446167 0.6827197693932151 0.07143031582451154 2.5875554159986236 1.4930548078204215 -0.5414517313376737 1.3616420322271576 0.26559258870383207 76.83915083454069
1751.218863714673 2250.5293453781082 53.12526964352524 -27.870649528221392 350 0.6165753416433404 16 25.512090546653937 0.010010398806280794 2.459138458623852 0.02267381108104209 24.895515205010597 0.01771771557283185 4.339234476633031 0.07081267593332403 0.07414498823146298 0.066483736 10.0 1.8107286773861342 24.90905485225194 4.2854581624269485 2.0788648 3.5 1750 2249 1752 2252 0.484159015738365 0.6983958712554315 0.017004452922465958 2.0672048567507058 1.4330781580579195 -0.10066407639129334 1.2038596587299304 0.1693383919393079 85.4899402088554
2933.101423221021 2252.5598529986546 53.10670071021727 -27.870621702375995 351 0.533500602837556 16 25.281272512839827 0.008392316810415188 3.0416566999707446 0.023511602334601145 24.74777191000227 0.016035694231486992 4.97176321167003 0.07343250866141322 0.07238327762851976 0.066483736 10.0 1.774078576372092 24.78183319132338 4.81821221113205 2.2032776 3.5 2932 2251 2934 2254 0.463838661680001 0.6713296270375193 0.0014637784833426712 2.1559368884179584 1.4895914625475672 -0.009401682576224453 1.2030747407135156 0.16879644617347433 89.5958245003509
2610.809700464605 2253.5001655366827 53.111764337461175 -27.87060878666273 352 0.6190133443550465 16 25.568922936732925 0.011997525991806786 2.333726865603003 0.025788844734134484 24.949909592377878 0.021190274208984616 4.127198561817529 0.08055307105078786 0.07117593081744567 0.066483736 10.0 1.8292581612616263 25.000198899188923 3.9403939247131348 1.9941449 3.5 2610 2252 2612 2255 0.45900440357761496 0.7478768744502045 0.015285893868191663 2.180112266607798 1.338029246327742 -0.08911885329415546 1.278270101678483 0.2176927249671955 86.97939648400308
1343.4464605070195 2256.0306544900304 53.131676272771635 -27.8705724145051 353 0.34588160848206684 16 25.50554539354225 0.010062391352315438 2.4740076777135127 0.02292938515408165 25.159663785060182 0.022861966605636993 3.4021517924778437 0.07164030640778898 0.071259306788857 0.066483736 8.0 1.5895307819178939 25.202314996841025 3.271095335483551 1.8166099 3.5 1342 2255 1345 2257 0.5068165840080923 0.4044646624305937 0.001750494700824948 1.973129885687048 2.4724408368797612 -0.017079135606944205 1.119473993011856 0.10672333056208017 0.9795309022927382
1741.071288390449 2267.570339400978 53.12542904856873 -27.870412833761915 354 0.44362618064347714 16 25.460732002609596 0.010016929182013006 2.578258151106455 0.02378762946723878 25.01710582196612 0.02079748970781072 3.8795099645465903 0.07431525150502609 0.07393239376873806 0.066483736 9.0 1.7088923658476187 25.056257509660888 3.7421069592237473 1.94286 3.5 1740 2266 1742 2269 0.41447588853229844 0.6388044247819512 0.08725256524592541 2.4841122570640444 1.6117681641169548 -0.6785963226903667 1.3187494929114856 0.24170586955659212 71.06032966858722
1197.1649156330147 2270.736405655555 53.13397450786133 -27.870367842328882 355 0.9862579546748194 0 24.031906401302727 0.00261450374617859 9.612949038126343 0.023149204450589662 23.045648446627908 0.0032909020253012603 23.842940874826198 0.07227114526490165 0.07274567724789605 0.066483736 23.0 2.4938628269013834 23.037964507577215 24.01227992027998 4.9087253 3.5 1195 2268 1199 2273 0.9504791661871356 1.292677833447624 0.39102680437339776 1.2016399253715049 0.8835408829423205 -0.7269768350128452 1.4928813818302915 0.33015441670657897 56.81623271823322
2849.5485182222637 2272.9238264851974 53.108013449783 -27.870338924549237 356 0.5282778705710385 16 25.440893188388202 0.011632006490772126 2.6258016997720777 0.028132396071870024 24.912615317817163 0.02234310008405496 4.271427834203458 0.08790360099606334 0.06989031044830535 0.066483736 8.0 1.6471494096808614 24.935052946056892 4.184061139822006 2.0525682 3.5 2848 2272 2851 2274 0.5614246337425602 0.4171197699222881 0.020013753292150716 1.7842347815917428 2.4015005545110135 -0.17121813593589405 1.1667810816117206 0.14294119457382637 7.751516408014801
1813.8779185734568 2281.4630090675782 53.12428514306941 -27.870219976358115 357 0.5157369761738408 16 25.402992298349858 0.009488428094000185 2.719081851201042 0.023763297989151697 24.887255322176017 0.018434261386052826 4.372371669029508 0.0742391473002321 0.0698318364034439 0.066483736 9.0 1.712701785259349 24.95593035279071 4.104375243186951 2.033955 3.5 1813 2280 1815 2283 0.4367038624201562 0.6212775762625036 0.07831388486456449 2.342841245787654 1.6468127293884889 -0.5906442034567946 1.2622936393690638 0.20779130242640442 69.84116590302216
1824.9444749310273 2281.7687460760385 53.124111273127625 -27.87021574382768 358 0.2590315066893041 16 25.450646894356417 0.010600643756367342 2.602318461553508 0.025408723359626656 25.191615387667113 0.026093726786386256 3.30349037211747 0.07939612711751932 0.07016432637213424 0.066483736 7.0 1.4573968662746484 25.233292681495655 3.179084911942482 1.7900946 3.5 1824 2281 1826 2283 0.3837871597742216 0.38228593602605604 0.02216028073666436 2.614361473387344 2.624627981150975 -0.30309764884175294 1.0596643303332103 0.05630493414310633 44.03001101689676
4187.211132153803 2283.857979281526 53.08699710311306 -27.87018468526963 359 0.8362079134392459 0 26.41474703801726 0.023629504379456455 1.0708296438210008 0.023305861433471613 25.578539124578015 0.03415103650295336 2.313148692030189 0.07276082289608714 0.07199276125026963 0.066483736 6.0 1.4926747988421079 25.9672685499483 1.617006555199623 1.2801322 3.5 4186 2283 4188 2285 0.45349086415800033 0.3501184260429705 -0.09803285663225589 2.347187810209965 3.0401948289993825 1.3144211156658827 1.3273000341611263 0.246590842866952 -31.10014697987309
849.5757405209672 2285.8195797794333 53.13943552682565 -27.870157427225134 360 0.6671200632281042 16 25.09746680418752 0.006900386168664342 3.602736328442792 0.02289792017143888 24.430346740959415 0.011662445672919379 6.660096228047128 0.07154187200517169 0.0684965459894144 0.066483736 13.0 2.0524764427965962 24.47310426997477 6.402911402285099 2.5396845 3.5 848 2284 851 2287 0.8102297332300271 0.709166026568006 0.27799259382802255 1.426011070562517 1.6292328256000235 -1.1179907143934074 1.477942909779463 0.3233838781031001 39.848799236755006
4302.918487218958 2298.319556352145 53.08517924789556 -27.869983474831812 361 0.4634277919867955 16 25.30613376823223 0.008724879389813704 2.9728000059809 0.023889952567210836 24.842705976245433 0.01777827027556511 4.555507961566226 0.07459616080244362 0.07439221084421996 0.066483736 9.0 1.6899967362989328 24.9119796996018 4.273929171264172 2.0752175 3.5 4302 2297 4304 2300 0.4090056810976595 0.6211106667730084 0.08308020543154714 2.5132396610164793 1.6549857445796592 -0.6723454563122785 1.3070659817542738 0.23492768233639305 70.9626460462861
1723.4902905839488 2302.1349221926484 53.12570521314878 -27.869932745447507 362 0.7168918383955472 16 24.80122196009978 0.005095286927691813 4.732933652315616 0.022212079734987955 24.084330121704234 0.00822217272453914 9.159824479480726 0.06936875655959505 0.07152914733000815 0.066483736 15.0 2.0685690560394248 24.121244487753508 8.853630751371384 2.9846206 3.5 1722 2300 1725 2304 0.7412151073795116 0.8020999560054212 0.04713725564445733 1.3541970358759854 1.2514042593377859 -0.15916503023127246 1.0755648813211902 0.0702559953690276 61.42769516237313
2965.9892042541337 2301.842552292775 53.1061840440976 -27.86993719533762 363 2.018491387376116 1 27.20553984095909 0.06831399971307171 0.5168961103359888 0.03252393914818147 25.187048453582975 0.03324528435985092 3.3174151147119586 0.10158276579926916 0.07460268244755511 0.066483736 6.0 2.2040209134926925 26.422445640202994 1.0632635951042175 1.0416312 3.737216475744344 2964 2301 2968 2302 1.6193899511938363 0.13265792671463242 -0.001699765434416339 0.6175247960179862 7.538286433766849 0.01582487121820208 3.4939167990542046 0.7137882618525153 -0.06550556133828246
3367.128782524539 2307.1645479293047 53.09988166250902 -27.869862817468857 364 0.2910921302117444 16 25.631853529100546 0.011281814913470679 2.2023066432456826 0.022884789473892133 25.3407613988888 0.02694143608508073 2.8794838092576014 0.07145383531835539 0.07448224360946895 0.066483736 6.0 1.4008753492786132 25.383255408353108 2.768962264060974 1.6705371 3.5 3366 2306 3368 2308 0.352966412344754 0.354838437496498 0.06647570522764912 2.9367471415290227 2.921253711470987 -1.1003449270365535 1.2093858135312407 0.1731340083441718 45.40335056384705
1648.4532808314195 2309.4488546818857 53.126884122921524 -27.869831051544548 365 0.8496684297959476 20 25.253587957287557 0.009974486090646799 3.1202113878473074 0.028665842394732164 24.40391952749161 0.014239309662569626 6.824194391412851 0.089501535541032 0.07330158005493717 0.066483736 8.0 2.6840733919755206 25.179798621627178 3.339640751481056 1.8353791 3.5 1646 2308 1650 2311 1.743986220390348 0.8543977071368348 0.8805684299371749 1.195535236663127 2.4403120014432425 -2.464310420052232 2.703800693797239 0.6301502539391718 31.600333440768434
2988.9994197877936 2309.168356670622 53.10582253252814 -27.869835429341855 366 1.7309761650970756 1 27.025233306772797 0.051061813346154054 0.610275419292017 0.02870200750634141 25.294257141675722 0.0323805452608378 3.0054973114546493 0.08963769155833431 0.07435511179319043 0.066483736 6.0 1.7215008763277437 26.311544430838573 1.177609845995903 1.0951446 3.5350402297361874 2988 2308 2990 2310 0.6398715400686675 0.42900868851537277 -0.2937726421152164 2.2794381473502305 3.39980899427401 3.1217855722346086 1.9513629452501013 0.4875376708191861 -35.12877768343443
617.575088668888 2323.15503791709 53.14308040288239 -27.86963814111138 367 0.9366162265830766 0 26.400666963745834 0.022861935900304897 1.0848068402654516 0.02284312834702132 25.464050737162758 0.03013402484358575 2.5703893055996896 0.07134215270574575 0.07079249837320961 0.066483736 6.0 1.5143462665758376 25.8347187461719 1.8269712030887604 1.3596702 3.5 617 2322 618 2324 0.24436169180462344 0.5827514666300777 0.031048864105253204 4.12018725541511 1.7276935124801611 -0.43904525859490084 1.5570430504330324 0.3577569998967671 84.80068938745568
4096.110772517545 2325.3579806576404 53.088428535284635 -27.869608559327006 368 0.4627734456903241 16 25.280731220284885 0.009522305035067891 3.0431734925390534 0.026690638547103036 24.81795777459456 0.01941456619698832 4.660538399943654 0.08334008591628633 0.07075191286660856 0.066483736 9.0 1.6701090228414395 24.843480645172164 4.552258782088757 2.141228 3.5 4095 2324 4097 2327 0.4502891944036358 0.5557251941722275 -0.03372396092339096 2.2309344210367694 1.8076662237930832 0.2707667243690775 1.1332203861640129 0.11755911541175856 -73.6963774492704
2897.0050235160775 2332.150469002125 53.10726789246797 -27.869516302507986 369 0.5327686773407194 16 25.01430146395292 0.007458615689073029 3.889543338527019 0.026720649321237088 24.4815327866122 0.014255759674314484 6.3533983490409796 0.08342315554859962 0.07188774622674729 0.066483736 10.0 1.743456633967218 24.530458833360598 6.073452889919281 2.4717753 3.5 2896 2331 2898 2334 0.45175485360357925 0.6445639080441231 0.0004574458214126506 2.2135915323592594 1.5514376560014056 -0.0031419636878671445 1.1944898550146406 0.16282252561471677 89.86406489937951
3406.705414407342 2344.3517130059054 53.099259932275736 -27.869346268046648 370 0.5121770895770723 16 25.065891634979145 0.00687342746348503 3.709048792352652 0.02348151223428452 24.553714545402073 0.013404675353830867 5.944747081150716 0.07339725954081144 0.07370200529173537 0.066483736 11.0 1.8345671232441823 24.57898336813117 5.807989910244942 2.418229 3.5 3405 2343 3408 2346 0.5095835135406125 0.7043132691634487 0.08004964659900915 1.9980604181501431 1.4456332043221645 -0.45418434483383135 1.2345897359036941 0.1900143254730523 70.28713812540602
4101.038411587432 2344.075616616948 53.08835117589375 -27.869348578343395 371 0.5139069022623488 16 25.339764712689423 0.008562732563332476 2.8821283369448305 0.022730859503049438 24.825857810427074 0.016658561994263445 4.626750454623449 0.07099107421970277 0.07555780467921741 0.066483736 9.0 1.6589375236683688 24.86169074708171 4.476544454693794 2.1234741 3.5 4100 2343 4102 2345 0.4780627442859519 0.5145380281833711 0.005998520752635497 2.0920816643687488 1.9437752837619486 -0.04877927225022048 1.0394618624281964 0.03796374244651257 80.89675504491404
1024.1491222843504 2346.987365830829 53.136692577133694 -27.86930836697231 372 0.6105333733783809 16 25.688933752267722 0.012959372021091568 2.0895159931109863 0.024941342082293337 25.07840037888934 0.023058786393612085 3.6665621333607428 0.07787277611869944 0.07236195433948 0.066483736 8.0 1.620001666040039 25.18826635799408 3.313695952296257 1.8282975 3.5 1023 2346 1025 2348 0.40342904530583545 0.5431251179284532 0.09401272359760281 2.5829392806201517 1.9185868848010044 -0.8941923274862111 1.2875126385442905 0.2233085951446372 63.30550350343687
4177.051143684329 2349.074315585132 53.08715694675627 -27.86927893297001 373 0.4794805021320485 16 25.28658202818221 0.008413144559408572 3.026818566095635 0.023454971126153027 24.80710152605016 0.016899957167152802 4.707372761802122 0.07327475181383222 0.07469845234320083 0.066483736 9.0 1.6379807669506607 24.865926217724194 4.459115415811539 2.1193662 3.5 4176 2348 4178 2350 0.5011351010767773 0.46654574223736595 -0.012024519913412418 1.996704690374933 2.144738910343392 0.10292416428656238 1.0445254774482986 0.04262746903701309 -17.404919009753918
3803.3748262248114 2350.9897412511114 53.09302782482452 -27.86925330745077 374 0.455387810575445 16 25.793918368652633 0.015587329219611023 1.8969323938099143 0.0272341436213134 25.33853055807719 0.032010261319282265 2.885406310309129 0.08507194437257186 0.06635572776606638 0.066483736 7.0 1.4940008564266878 25.531148235912447 2.4163503646850586 1.5625954 3.5 3802 2350 3804 2352 0.39932285071026397 0.40571488932662403 -0.0036365194528037294 2.5044437866436997 2.4649862714824993 0.044895855627577703 1.0121008820288204 0.011956201445614267 -65.65559643147515
