data/benchmark/benchmark2015_acs_f606w_hap/hst_137/3-PRODUCT/hst_13779_1d_acs_wfc_f606w_jcoi1d_point-cat.ecsv
# %ECSV 1.0
# ---
# datatype:
# - {name: X-Center, unit: pix, datatype: float64, format: 10.3f, description: Pixel Coordinate}
# - {name: Y-Center, unit: pix, datatype: float64, format: 10.3f, description: Pixel Coordinate}
# - {name: RA, unit: deg, datatype: float64, format: 13.7f, description: Sky coordinate at epoch of observation}
# - {name: DEC, unit: deg, datatype: float64, format: 13.7f, description: Sky coordinate at epoch of observation}
# - {name: ID, unit: '', datatype: int64, format: 7d, description: Catalog Object Identification Number}
# - {name: MagAp1, unit: mag(AB), datatype: float64, format: 7.3f, description: ABMAG of source based on the inner (smaller) aperture}
# - {name: MagErrAp1, unit: mag(AB), datatype: float64, format: 7.3f, description: Error of MagAp1}
# - {name: FluxAp1, unit: electron / s, datatype: float64, format: 10.4f, description: Flux of source based on the outer (smaller) aperture}
# - {name: FluxErrAp1, unit: electron / s, datatype: float64, format: 10.4f, description: Flux of source based on the outer (smaller)
#     aperture}
# - {name: MagAp2, unit: mag(AB), datatype: float64, format: 7.3f, description: ABMAG of source based on the outer (larger) aperture}
# - {name: MagErrAp2, unit: mag(AB), datatype: float64, format: 7.3f, description: Error of MagAp2}
# - {name: MSkyAp2, unit: electron / (pix s), datatype: float64, format: 7.3f, description: Sky estimate from an annulus outside Aperture
#     2}
# - {name: StdevAp2, unit: electron / (pix s), datatype: float64, format: 7.3f, description: Standard deviation of sky estimate from annulus
#     outside Aperture 2}
# - {name: FluxAp2, unit: electron / s, datatype: float64, format: 10.4f, description: Flux of source based on the outer (larger) aperture}
# - {name: FluxErrAp2, unit: electron / s, datatype: float64, format: 10.4f, description: Flux of source based on the outer (larger) aperture}
# - {name: CI, unit: mag(AB), datatype: float64, format: 7.3f, description: Concentration Index}
# - {name: Flags, unit: '', datatype: int64, format: 5d, description: Numeric encoding for conditions on detected sources}
# meta: !!omap
# - h00: [' #==================================================================================================']
# - h01: [' # All refereed publications based on data obtained from the HAP must carry the following footnote: ']
# - h02: [' #                                                                                                  ']
# - h03: [' #     Based on observations made with the NASA/ESA Hubble Space Telescope                          ']
# - h04: [' #     and obtained from the Hubble Advanced Products collection generated                          ']
# - h05: [' #     by the Space Telescope Science Institute (STScI/NASA).                                       ']
# - h06: [' #                                                                                                  ']
# - h07: [' # One copy of each paper resulting from data obtained from the HAP should be sent to the STScI.    ']
# - h08: [' #==================================================================================================']
# - {WCSNAME: IDC_4bb1536cj-GSC240}
# - {WCSTYPE: undistorted a priori solution based on GSC240}
# - {Proposal ID: 13779}
[...]
# - h10.4: ['the selected aperture. For details, see Whitmore et al., 2016 AJ, 151, 134W.']
# - h10.5: [' ']
# - h11: ['The X and Y coordinates in this table are 0-indexed (i.e. the origin is (0,0)).']
# - h12: [RA and Dec values in this table are in sky coordinates (i.e. coordinates at the epoch of observation]
# - h12.1: [and an undistorted a priori solution based on GSC240).]
# - h13: [Magnitude values in this table are in the ABMAG system.]
# - h14: ['Column titles in this table ending with Ap1 refer to the inner photometric aperture ']
# - h14.1: ['(radius = 1.000000000000064 pixels, 0.05 arcsec.']
# - h15: ['Column titles in this table ending with Ap2 refer to the outer photometric aperture ']
# - h15.1: ['(radius = 3.000000000000192 pixels, 0.15 arcsec.']
# - h16: [CI = Concentration Index (CI) = MagAp1 - MagAp2.]
# - h17: ['Flag Value Identification:']
# - h17.1: ['    0 - Stellar Source (0.9 < CI < 1.23)']
# - h17.2: ['    1 - Extended Source (CI > 1.23)']
# - h17.3: ['    2 - Questionable Photometry (Single-Pixel Saturation)']
# - h17.4: ['    4 - Questionable Photometry (Multi-Pixel Saturation)']
# - h17.5: ['    8 - Faint Detection Limit']
# - h17.6: ['   16 - Hot pixels (CI < 0.9)']
# - h17.7: ['   32 - False Detection Swarm Around Saturated Source']
# - h17.8: ['   64 - False Detections Near Image Edge']
# - h17.9: ['  128 - Bleeding and Cosmic Rays']
# - h18: ['#=================================================================================================']
# schema: astropy-2.0
X-Center Y-Center RA DEC ID MagAp1 MagErrAp1 FluxAp1 FluxErrAp1 MagAp2 MagErrAp2 MSkyAp2 StdevAp2 FluxAp2 FluxErrAp2 CI Flags
[from data line 55]
2314.103681282383 1822.2816618823454 53.116429695057846 -27.876600805970916 56 26.550881981402448 0.04680257029200141 0.9446401662837767 0.040721735086252514 24.77267708954743 0.028425664165875355 0.14945492789200143 0.0227942138195302 4.859016397522888 0.12721817103478594 1.7782048918550188 1
3691.593425896699 1825.3332993766421 53.09478633202247 -27.876557237298556 57 23.95336902676717 0.002463492175782001 10.334074539353267 0.023448385163161792 23.13831727871961 0.003634331220060652 0.07438801267940409 0.013055884958616013 21.89234527474242 0.0732836270722517 0.8150517480475585 16
3114.985515296899 1830.1590283054131 53.1038461026916 -27.876491120438455 58 25.204222021222407 0.007881644343743624 3.265354914037617 0.023704859619176597 24.46426538970387 0.01244571222631778 0.07131840019310648 0.013203081243574166 6.455249676583545 0.07399850771280253 0.7399566315185382 16
4362.520439967339 1843.581956357802 53.084244677710025 -27.876301982943385 59 25.989637822897322 0.014796279426041893 1.5840324396192385 0.021587719072046683 25.35986701935247 0.025860270367244337 0.07133640525704724 0.012004740799810728 2.8292569587592 0.06739002476919993 0.6297708035448508 16
2533.405099053676 1859.3296732997067 53.11298399207562 -27.876086287804068 60 25.909383202503392 0.013696648940865712 1.705555748399879 0.021516439472145737 25.22452871917593 0.022771935971992258 0.07452329085772424 0.011963060142409542 3.2048500385607035 0.0672198948861944 0.684854483327463 16
2325.9272272694507 1902.558091899959 53.11624388998714 -27.87548585979263 61 25.19077465621349 0.0075068631695828295 3.3060493950524474 0.022859040656296223 24.45882642336435 0.01194575308003 0.07282042907671718 0.012723957215212718 6.487668208446506 0.0713825941634545 0.7319482328491418 16
1771.5575803266622 1929.8180575741692 53.12495411642913 -27.87510678408738 62 19.633622338272517 0.0006129080675371378 552.2939236992702 0.31178539328269606 18.500767115861883 0.0006789697745820198 0.22963030511639504 0.17480784322569126 1567.8783172305334 0.9805121006005818 1.1328552224106332 4
4351.707256603389 1935.4090305240397 53.084414914690576 -27.875026642483824 63 25.77334218173454 0.012610056026309213 1.933224666551622 0.022453782220372934 25.24339648424474 0.024175569643897634 0.06828950586187879 0.01249417710545088 3.1496377480426094 0.07013381848655521 0.5299456974898007 16
1679.6082974053445 1951.749284159839 53.12639878328982 -27.8748020536797 64 23.93581694963487 0.0025774595333147507 10.502493480684178 0.02493299433118306 23.401592709986467 0.00492456951081054 0.07277574726483887 0.013895294718393417 17.178376480436473 0.07791849411511681 0.5342242396484025 16
1535.764765683208 1955.7954577311957 53.12865883350921 -27.874745623180097 65 24.274511702575303 0.002901446561340148 7.6880202654056875 0.020545620302638578 23.7745938954523 0.005717059849636981 0.07121881342505756 0.011413627974977195 12.183768606252602 0.06415707314734664 0.4999178071230048 16
3057.95720077587 1963.233173989919 53.10474228528831 -27.87464292602299 66 26.0540213000001 0.018593229870265206 1.4928311218969534 0.02556558184297315 25.370187156427747 0.030948557777100042 0.0720582781520682 0.014252908949452248 2.802491718510337 0.07988677983804139 0.683834143572355 20
4152.937357339759 1977.8140647337018 53.087538117184806 -27.874438296960616 67 24.925167786025177 0.014765150399544366 4.22232915509586 0.05742223911888317 23.353045838112266 0.01084601664461379 0.11092518410834251 0.032182184745716345 17.963909779702984 0.17945736803260476 1.5721219479129118 1
554.2791332114955 1997.2867990903546 53.144079684556175 -27.874166777012483 68 26.116546101787208 0.017334395878255034 1.409291263868052 0.022500886686612494 25.42123622044212 0.028519535786023748 0.0729656179460722 0.012521964439972626 2.6737741012498497 0.07023560483037539 0.6953098813450893 16
1441.8297746205915 1998.1284307290823 53.13013463999089 -27.874157492791426 69 24.59015238917847 0.003975799061144033 5.748549095537197 0.021051004970965428 24.04791362303375 0.007535764835609841 0.0722162968821542 0.011699840745690051 9.472263074464399 0.06574628994215195 0.5422387661447203 16
4356.59478078217 2002.9689946720468 53.08433837205446 -27.87408829382025 70 25.12368872663231 0.007171745752674415 3.5167679257118913 0.02323051066995106 24.590472435687197 0.01371048110616554 0.06995893316022281 0.012933393387737248 5.746854824015203 0.07257266692874341 0.5332162909451128 16
941.7262724760723 2005.1016418240836 53.137992157383344 -27.874059459969843 71 23.94275060238266 0.0030822333754357725 10.435636894718714 0.02962611064827387 22.88872508527924 0.0036476696869168555 0.07830033725274796 0.016544912953374336 27.55047978376637 0.0925624481599523 1.054025517103419 0
2584.28351003954 2010.0720958927504 53.11218460452873 -27.873992639557635 72 25.67317275164025 0.01270069196783029 2.120069508027905 0.024800911643964193 25.075194982005073 0.022879237765611286 0.07234017460713338 0.013820923867181768 3.6774028446023044 0.07749486418125763 0.5979777696351789 16
3714.1200736685255 2033.3853905208077 53.094432889784166 -27.873667577680507 73 26.097471898831756 0.01899628019377172 1.4342684358746474 0.025095113826063838 25.431223952460968 0.03214380296547022 0.07676565569244612 0.013986624500031027 2.6492907277167133 0.07843628916825386 0.6662479463707882 16
2954.931947070654 2043.7886198148458 53.10636107822973 -27.873524189680314 74 25.647542042960545 0.011610890932675325 2.1707128806767795 0.023214433548578384 24.78963999993117 0.016455236836189394 0.06988675443276968 0.012924774333239549 4.783691899303916 0.07250325426398323 0.8579020430293767 0
951.6579940050369 2055.4176383766403 53.13783595313764 -27.873360654580672 75 25.903542672207173 0.0137377981835153 1.7147552121039251 0.02169748644930892 25.462721474376913 0.028578305411912197 0.07180894414583841 0.012066691075614953 2.573538150805753 0.06774188013533623 0.4408211978302603 16
3684.9599660390445 2055.2317987095776 53.094891097544135 -27.873364216617162 76 23.56603940113841 0.011218104246824016 14.763979721818853 0.15255030267786654 21.9837203606998 0.008178984455192705 0.24957165679485682 0.08556950480347131 63.40610217498471 0.47766189928484876 1.5823190404386125 1
2714.632256093998 2065.9738466528493 53.110136612411594 -27.873216196284112 77 24.09324259253878 0.002926883180333746 9.084942092680135 0.024491631394834255 23.223702362560033 0.004105712668596731 0.07530929032184674 0.01364615036572626 20.2366329914325 0.07652740208406278 0.869540229978746 0
4349.174600600477 2084.466488132726 53.084455256789774 -27.8729564085664 78 26.28374685612677 0.18963751995864064 1.2081488866893162 0.21102547537308158 24.26143003771525 0.09197926099925788 0.11629202790179494 0.11841818829764097 7.781210880468901 0.6592152772081736 2.022316818411518 1
4342.621777882496 2088.304482425551 53.08455822654169 -27.87290312440321 79 26.731828049594178 0.3487315486094069 0.79962797708038 0.25684397417209937 24.78685644525619 0.18165728356494346 0.2372766680457965 0.1441313761607675 4.795971817299012 0.8024529910514542 1.9449716043379865 1
2756.340453304514 2089.445555858962 53.10948131723646 -27.872890184313867 80 20.751570365736896 0.0007055623137216558 197.23821075849904 0.12817891529620168 19.675536170344557 0.0008224577831075807 0.11468942866132065 0.07186405398654541 531.3794223273263 0.40253950601116295 1.0760341953923387 0
4346.786467660941 2096.189770383438 53.084492821432654 -27.872793592997702 81 26.15722742239135 0.13472903267248096 1.3574637206183546 0.1684533240921966 24.053686587074395 0.06062097485341823 0.23954639651558618 0.09452681483613788 9.422031799397764 0.5260870892321993 2.103540835316956 1
1316.3371663548996 2097.803537635986 53.1321061165893 -27.872772861482918 82 25.72061221750011 0.012408668427252545 2.0294311095722497 0.023194747844370703 25.061886752509814 0.021121311884404016 0.07245836292906682 0.012914106865977718 3.7227553761216208 0.07242283998195313 0.6587254649902974 16
3842.513087439723 2146.1529794794433 53.09241591045875 -27.87210107357932 83 25.750328084003655 0.015314295658086962 1.9746401667321754 0.02785320376869362 25.350221077260144 0.033092944634461975 0.0713971151319677 0.015545157278198475 2.854504747048654 0.0870074307385926 0.40010700674351085 16
3408.1018777811555 2170.6808747621008 53.09924121875593 -27.871761263414985 84 23.7510041934729 0.002203624147781157 12.451381022429256 0.02527232559109251 23.178294685511645 0.004059474221082017 0.0719720071584389 0.014089052217776218 21.100916857800115 0.07889714288056969 0.5727095079612567 16
540.1915853294231 2178.364379913928 53.14430030374675 -27.87165176152823 85 24.093115640038718 0.0028210993266059945 9.086004435023254 0.023609211562294535 23.338216402879738 0.0043943824055500125 0.07300150348978526 0.013148757228474786 18.210951566407154 0.07370902196899976 0.7548992371589804 16
989.9773992308259 2190.6572857765345 53.13723347307091 -27.871482432021953 86 25.406873893744418 0.008794337152400855 2.7093782679260077 0.021946381101159772 24.893874236833582 0.017113803095150978 0.07284930914741111 0.012208064372369572 4.345797700113534 0.06850246489002762 0.5129996569108357 16
1933.6085221802064 2198.603327382103 53.12240766023137 -27.87137384799283 87 24.87770404359093 0.005577818309216953 4.411005334967899 0.022661680316328273 24.360154978017036 0.010812296331519367 0.07257162153619487 0.012612512545009252 7.104887559684997 0.07075633204148446 0.5175490655738955 16
1751.3690962321314 2250.558098919901 53.12527082081573 -27.870652034177905 88 25.49454638359316 0.009831352032375685 2.4991978986764942 0.022631016248007913 24.898106902403832 0.0177241821068419 0.07425395918075542 0.012594932920664586 4.328888896378575 0.07066962800009186 0.5964394811893285 16
2849.4976215430374 2272.8603887623485 53.1080177866532 -27.870342709156116 89 25.42446858465815 0.011536082580401355 2.6658257990646 0.028325676119529936 24.911523607812008 0.022474125625410665 0.06982127514121861 0.015811151727960115 4.275724923751706 0.08850804004429885 0.5129449768461427 16
1723.379663880423 2302.124757221278 53.125710489028314 -27.869935791617063 90 24.8326485247983 0.005250091379522055 4.597902848145057 0.02223395975584993 24.08618306534948 0.008245423174037342 0.07164189104259627 0.012369760815331695 9.14420543337688 0.06944629583542773 0.7464654594488209 16
4302.280328452271 2377.4931972232453 53.08519309501684 -27.868886744459147 91 24.51464778678887 0.004558210985487917 6.162544747027363 0.02587287387350187 24.131094851003226 0.010005899412873692 0.0712836461348666 0.014426189463831578 8.7736692852624 0.08085884899157685 0.3835529357856444 16
3848.126140480522 2385.4317905772555 53.092328360838074 -27.86877774374664 92 25.357383115523973 0.009870735694901772 2.8357370291741484 0.025781349097562835 24.713028498991477 0.017033935915413394 0.06952514117935679 0.014375302228494665 5.1334318506955325 0.08054024976594794 0.644354616532496 16
2259.3870229159265 2404.4344510463907 53.11728910783459 -27.86851532796696 93 25.07877056757998 0.006497127122777268 3.6653122086901075 0.021934235391477524 24.49665182204737 0.01187762980081633 0.0695217988788043 0.012199178635478834 6.265539491315854 0.06854541639517803 0.5821187455326111 16
1908.000615846018 2463.7984594594095 53.122809670172664 -27.867690555018005 94 25.477397971108175 0.011407399678490159 2.538984280400056 0.026676990387701174 24.4978607429382 0.014457509255766837 0.07032577926453037 0.014881028443963433 6.258566963227833 0.08334096877471026 0.9795372281699741 0
2272.5633832460658 2487.348535394442 53.11708205261027 -27.86736374942066 95 25.462377046560263 0.028663379447687574 2.57435468315795 0.06796509635837508 23.741068233521204 0.018347728984223207 0.12181781326442853 0.03810631791547288 12.565851038269502 0.21235592641271858 1.7213088130390588 1
2264.362974927957 2516.201689855479 53.11721087309821 -27.866963007495382 96 25.10796773472815 0.008768249874845103 3.568059653195624 0.028816098929328904 24.22227220634951 0.012116731851648672 0.07708182098836833 0.016088090374785764 8.066967698171885 0.09002973607318802 0.8856955283786405 0
1771.8158297644263 2527.5325631811784 53.124949158433154 -27.866805194309 97 25.20408645371493 0.00913552006909926 3.265762659181148 0.027479451334497872 24.713287927552955 0.01815891765961201 0.07266698918011907 0.015334246293801602 5.132205402005338 0.08583890145273176 0.4907985261619743 16
940.3715224706539 2556.370411148691 53.13801168954943 -27.866402946233418 98 23.837159511426634 0.002714873673267194 11.501524156491852 0.028760417366589665 23.37698434905444 0.005551747121080027 0.07413992613451587 0.016056682893516073 17.572172618308986 0.08985563115484774 0.46017516237219525 16
2062.576326599718 2561.7506703795843 53.12038105788063 -27.86633025475394 99 24.61635779370092 0.005374418798698175 5.611462732803125 0.02777779386512973 23.457284165156622 0.005775045054230917 0.07958441467433652 0.015501749112779505 16.3194506161168 0.0868062656059418 1.1590736285442986 0
3125.1744793910725 2561.563539944343 53.10368690355476 -27.866332713785383 100 26.188584346992002 0.023290233410493487 1.3188198088562186 0.02829107596448718 25.707248271664355 0.04670718260638633 0.07058249024795912 0.015791923039829462 2.054565029720722 0.08838808512467654 0.481336075327647 16
4385.443350067688 2571.2966699918043 53.08388724376509 -27.866194759864623 101 25.526642615294087 0.010447439019435761 2.4263986426961126 0.02334867077130822 24.970878490591545 0.019562359634358876 0.0673583642675959 0.01300022320955871 4.048254471436388 0.07294225832333058 0.5557641247025416 16
3532.589340769717 2597.2758609258594 53.097286206407055 -27.86583612261924 102 26.30454520352022 0.02332389431473487 1.1852258612328663 0.02546199016900248 24.782094247970818 0.017929992946909553 0.0784969644813702 0.014194660368930556 4.817053849537489 0.07955212447922141 1.5224509555494024 1
879.8173868226074 2609.915357996964 53.13896286067916 -27.86565909297281 103 24.723492709538633 0.005072519102519892 5.084194033788366 0.023753957223274523 24.06551394167665 0.008639218658329851 0.07196130285323676 0.01323060964635428 9.3199508877524 0.07416145675986772 0.6579787678619837 16
930.4378110265261 2618.7840923768044 53.138167555375574 -27.86553606161459 104 26.3612258308505 0.026159732973204 1.1249387273561169 0.02710518257239749 24.936130677933512 0.02199206574580359 0.0752868612794435 0.015123011357700075 4.179909985279586 0.0846687438590859 1.4250951529169882 1
3776.7214631478937 2630.231696094971 53.0934508226233 -27.865377909571308 105 24.968582460620112 0.006332360683096707 4.056824461611886 0.0236614863396298 24.190769329221126 0.009664167169120604 0.07246756597325721 0.013177122113366494 8.304461361754333 0.0739206989495227 0.777813131398986 16
4198.778120152174 2681.0124109811104 53.08682025066268 -27.864671519168432 106 23.20111176047643 0.0014363912747502286 20.6621017691789 0.02733615427765481 22.641404258775886 0.002680630352944399 0.07026736524639246 0.01525253162036379 34.5985180348428 0.08542492181182075 0.5597075017005437 16
2133.039750258647 2690.592667189716 53.11927392826827 -27.864540835525187 107 25.354401850432097 0.009688095823707606 2.843534228178181 0.025373889730664696 24.86403869951468 0.019279033470939472 0.07068983874433524 0.014143835178889645 4.466874189812724 0.07931934882184319 0.49036315091741756 16
4148.441578982283 2690.1806525401607 53.08761109046257 -27.864544330663428 108 26.079292177300637 0.018349592555767097 1.458486217861524 0.02465011314908421 25.426534416655116 0.031445701370220916 0.07236229330301286 0.013734675442955074 2.660758350543092 0.07706494658699424 0.652757760645521 16
